4.000000e+00 0.000000e+00 1.000000e+00 1.310828e+00 -3.942406e-03 1.013586e-02 9.999997e-01 4.537290e-04 6.611884e-04 1.071478e-04
4.000000e+00 1.000000e+00 2.000000e+00 1.314799e+00 -2.158923e-03 1.720296e-02 9.999999e-01 3.731165e-04 2.651949e-04 1.712373e-04
4.000000e+00 2.000000e+00 3.000000e+00 1.316406e+00 -5.034602e-03 1.444109e-02 9.999994e-01 8.824680e-04 -6.638369e-04 7.931296e-05
4.000000e+00 3.000000e+00 4.000000e+00 1.319409e+00 -4.178844e-03 1.403186e-02 1.000000e+00 1.110107e-04 1.389601e-04 -4.400220e-05
4.000000e+00 4.000000e+00 5.000000e+00 1.320750e+00 -4.672452e-03 9.393112e-03 9.999999e-01 1.455179e-04 4.133395e-04 -6.276860e-05
4.000000e+00 5.000000e+00 6.000000e+00 1.327263e+00 -6.650049e-03 9.016623e-03 9.999995e-01 7.902939e-04 5.255705e-04 -5.299545e-05
4.000000e+00 6.000000e+00 7.000000e+00 1.330300e+00 -3.797246e-03 1.145036e-02 9.999999e-01 -1.581271e-04 4.443356e-04 9.251853e-05
4.000000e+00 7.000000e+00 8.000000e+00 1.330579e+00 -2.709591e-03 1.250919e-02 9.999996e-01 -2.781762e-04 -8.578759e-04 1.305670e-04
4.000000e+00 8.000000e+00 9.000000e+00 1.334477e+00 -2.495316e-03 6.614349e-03 9.999982e-01 -1.368326e-03 -1.323418e-03 5.236172e-05
4.000000e+00 9.000000e+00 1.000000e+01 1.337817e+00 -4.587177e-05 3.237594e-03 9.999984e-01 -1.724501e-03 -4.659186e-04 -1.616177e-04
4.000000e+00 1.000000e+01 1.100000e+01 1.338533e+00 2.078237e-03 8.248803e-03 9.999993e-01 -1.209578e-03 7.559010e-05 -3.704626e-05
4.000000e+00 1.100000e+01 1.200000e+01 1.350372e+00 7.335161e-04 1.120491e-02 9.999997e-01 -6.132580e-04 3.551121e-04 -6.332069e-05
4.000000e+00 1.200000e+01 1.300000e+01 1.351856e+00 -4.813076e-03 9.555798e-03 9.999985e-01 1.099725e-03 1.321415e-03 -1.989475e-04
4.000000e+00 1.300000e+01 1.400000e+01 1.352696e+00 -7.590615e-03 1.164658e-02 9.999975e-01 1.947390e-03 1.112037e-03 -1.143685e-04
4.000000e+00 1.400000e+01 1.500000e+01 1.351872e+00 -7.070290e-03 1.204248e-02 9.999985e-01 1.368665e-03 -1.086714e-03 1.308851e-04
4.000000e+00 1.500000e+01 1.600000e+01 1.354482e+00 -1.910339e-03 1.609345e-02 9.999990e-01 7.385812e-04 -1.194340e-03 8.704425e-05
4.000000e+00 1.600000e+01 1.700000e+01 1.364548e+00 2.424934e-03 1.899956e-02 9.999990e-01 -1.138675e-03 -7.530415e-04 -3.248326e-04
4.000000e+00 1.700000e+01 1.800000e+01 1.366622e+00 5.096668e-03 1.334060e-02 9.999986e-01 -1.497594e-03 6.557940e-04 -3.954958e-04
4.000000e+00 1.800000e+01 1.900000e+01 1.377182e+00 1.718456e-03 1.402577e-02 9.999949e-01 -6.504816e-04 3.100803e-03 -3.166973e-04
4.000000e+00 1.900000e+01 2.000000e+01 1.371644e+00 -4.756412e-03 1.693541e-02 9.999992e-01 1.244347e-03 1.853752e-05 -2.215148e-04
4.000000e+00 2.000000e+01 2.100000e+01 1.374325e+00 -6.911654e-03 2.084471e-02 9.999974e-01 2.145634e-03 -7.935809e-04 1.911944e-04
4.000000e+00 2.100000e+01 2.200000e+01 1.375262e+00 -3.225718e-03 1.851470e-02 9.999991e-01 2.971895e-04 -1.285856e-03 -2.182484e-05
4.000000e+00 2.200000e+01 2.300000e+01 1.379667e+00 -2.348156e-03 1.831083e-02 9.999993e-01 1.211221e-04 -1.146136e-03 -2.089817e-04
4.000000e+00 2.300000e+01 2.400000e+01 1.385597e+00 2.387785e-03 1.540054e-02 9.999985e-01 -1.658818e-03 -2.007653e-04 -3.782450e-04
4.000000e+00 2.400000e+01 2.500000e+01 1.382505e+00 4.869962e-04 1.563222e-02 9.999993e-01 -4.734905e-04 -1.054906e-03 -2.011882e-04
4.000000e+00 2.500000e+01 2.600000e+01 1.393235e+00 4.728329e-04 1.681357e-02 9.999999e-01 -4.469487e-04 -2.312217e-04 3.708011e-05
4.000000e+00 2.600000e+01 2.700000e+01 1.397489e+00 2.064096e-04 1.768112e-02 9.999993e-01 -3.413147e-05 1.151649e-03 5.309064e-05
4.000000e+00 2.700000e+01 2.800000e+01 1.398281e+00 -1.005132e-03 1.441601e-02 9.999996e-01 -3.833671e-04 7.984875e-04 2.198782e-04
4.000000e+00 2.800000e+01 2.900000e+01 1.395774e+00 -2.022948e-04 1.470010e-02 9.999991e-01 -1.351470e-03 -1.569097e-04 1.904848e-05
4.000000e+00 2.900000e+01 3.000000e+01 1.402902e+00 -8.088394e-04 1.016001e-02 9.999992e-01 -1.268839e-03 -8.805918e-05 -6.220271e-05
4.000000e+00 3.000000e+01 3.100000e+01 1.406823e+00 1.903908e-03 1.730426e-02 9.999994e-01 -1.076391e-03 2.574700e-04 5.797280e-06
4.000000e+00 3.100000e+01 3.200000e+01 1.407724e+00 -7.091053e-04 1.430988e-02 9.999998e-01 -5.516174e-04 1.383041e-04 1.394872e-04
4.000000e+00 3.200000e+01 3.300000e+01 1.409721e+00 -4.028125e-03 1.473780e-02 9.999998e-01 5.258505e-04 -2.101333e-04 2.089843e-04
4.000000e+00 3.300000e+01 3.400000e+01 1.413120e+00 -4.388247e-03 1.149868e-02 9.999998e-01 4.190323e-04 -3.180761e-04 3.382604e-04
4.000000e+00 3.400000e+01 3.500000e+01 1.415943e+00 -4.011611e-03 1.189734e-02 9.999998e-01 3.163839e-04 3.633496e-04 4.828154e-04
4.000000e+00 3.500000e+01 3.600000e+01 1.422769e+00 -1.637253e-03 1.391870e-02 9.999998e-01 -1.012503e-04 4.224664e-04 5.080187e-04
4.000000e+00 3.600000e+01 3.700000e+01 1.422664e+00 -1.704353e-03 1.363329e-02 9.999998e-01 -3.153892e-04 1.229960e-04 5.351869e-04
4.000000e+00 3.700000e+01 3.800000e+01 1.426189e+00 -2.357849e-03 1.302179e-02 9.999998e-01 8.406049e-06 -1.980274e-04 5.849437e-04
4.000000e+00 3.800000e+01 3.900000e+01 1.429028e+00 -3.184394e-03 1.094234e-02 9.999996e-01 -1.155289e-04 6.320002e-04 5.645949e-04
4.000000e+00 3.900000e+01 4.000000e+01 1.427634e+00 -3.894698e-03 1.527684e-02 9.999996e-01 6.982662e-04 4.764968e-04 4.018733e-04
4.000000e+00 4.000000e+01 4.100000e+01 1.432009e+00 -5.498459e-03 1.486993e-02 9.999997e-01 7.487656e-04 -4.947317e-05 3.151421e-04
4.000000e+00 4.100000e+01 4.200000e+01 1.428919e+00 -6.853993e-03 1.494599e-02 9.999993e-01 1.142312e-03 -2.235526e-04 3.031241e-04
4.000000e+00 4.200000e+01 4.300000e+01 1.428226e+00 -7.831944e-03 1.195032e-02 9.999997e-01 6.741150e-04 2.172074e-04 3.577434e-05
4.000000e+00 4.300000e+01 4.400000e+01 1.429628e+00 -7.368952e-03 1.460084e-02 9.999997e-01 6.066671e-04 3.193903e-04 -2.164386e-04
4.000000e+00 4.400000e+01 4.500000e+01 1.424864e+00 -6.494290e-03 1.602344e-02 9.999998e-01 5.120954e-04 3.154207e-04 -1.926457e-04
4.000000e+00 4.500000e+01 4.600000e+01 1.424045e+00 -5.677764e-03 1.949812e-02 9.999995e-01 9.640606e-04 -2.171532e-04 -2.219692e-04
4.000000e+00 4.600000e+01 4.700000e+01 1.419862e+00 -7.428512e-03 1.605414e-02 9.999996e-01 7.476796e-04 -4.246143e-04 -2.466465e-04
4.000000e+00 4.700000e+01 4.800000e+01 1.417554e+00 -5.007813e-03 1.611819e-02 9.999999e-01 -4.154490e-05 -2.836287e-04 -3.248344e-04
4.000000e+00 4.800000e+01 4.900000e+01 1.413796e+00 -2.905606e-03 1.451507e-02 9.999995e-01 -8.714613e-04 3.524858e-05 -3.974573e-04
4.000000e+00 4.900000e+01 5.000000e+01 1.413047e+00 3.420410e-03 2.042523e-02 9.999988e-01 -1.415937e-03 6.711568e-04 -2.289903e-04
4.000000e+00 5.000000e+01 5.100000e+01 1.414249e+00 2.506573e-03 1.818897e-02 9.999980e-01 -1.830669e-03 6.621200e-04 -3.724489e-04
4.000000e+00 5.100000e+01 5.200000e+01 1.409874e+00 3.966471e-03 1.847374e-02 9.999982e-01 -1.825201e-03 2.831231e-04 -3.641907e-04
4.000000e+00 5.200000e+01 5.300000e+01 1.400084e+00 3.922446e-03 1.631670e-02 9.999974e-01 -2.248375e-03 -1.892900e-04 -3.210400e-04
4.000000e+00 5.300000e+01 5.400000e+01 1.402586e+00 2.283296e-03 1.529898e-02 9.999987e-01 -1.535475e-03 -2.356554e-04 -3.522746e-04
4.000000e+00 5.400000e+01 5.500000e+01 1.402082e+00 4.874850e-03 2.135332e-02 9.999993e-01 -1.076988e-03 -1.281896e-04 -3.434611e-04
4.000000e+00 5.500000e+01 5.600000e+01 1.396343e+00 4.215518e-04 1.783236e-02 1.000000e+00 -1.369369e-04 6.830761e-05 -1.668251e-04
4.000000e+00 5.600000e+01 5.700000e+01 1.394220e+00 -2.292949e-03 1.734670e-02 9.999998e-01 6.174277e-04 8.237024e-05 -8.046990e-05
4.000000e+00 5.700000e+01 5.800000e+01 1.390449e+00 -3.696985e-03 1.570138e-02 9.999997e-01 5.831478e-04 -4.773520e-04 2.589782e-05
4.000000e+00 5.800000e+01 5.900000e+01 1.385543e+00 -1.241722e-03 1.773414e-02 9.999999e-01 3.741485e-04 -6.569102e-05 1.372582e-04
4.000000e+00 5.900000e+01 6.000000e+01 1.386332e+00 -1.242961e-03 1.644319e-02 1.000000e+00 -2.135315e-05 1.337757e-04 1.174285e-04
4.000000e+00 6.000000e+01 6.100000e+01 1.386471e+00 3.020613e-03 1.761887e-02 9.999999e-01 2.285950e-04 -2.638101e-04 2.629196e-04
4.000000e+00 6.100000e+01 6.200000e+01 1.382037e+00 6.046212e-03 1.612668e-02 9.999999e-01 -1.747689e-04 1.742882e-04 3.656763e-04
4.000000e+00 6.200000e+01 6.300000e+01 1.384661e+00 1.125840e-02 2.009560e-02 9.999998e-01 1.941647e-04 3.476823e-04 4.725156e-04
4.000000e+00 6.300000e+01 6.400000e+01 1.379070e+00 4.599772e-03 1.691388e-02 9.999991e-01 1.067151e-03 5.172953e-04 5.698655e-04
4.000000e+00 6.400000e+01 6.500000e+01 1.377358e+00 7.600056e-03 1.867625e-02 9.999992e-01 1.075455e-03 3.459955e-04 6.036943e-04
4.000000e+00 6.500000e+01 6.600000e+01 1.368961e+00 5.430893e-03 1.690542e-02 9.999995e-01 9.962021e-04 7.622042e-05 3.073074e-04
4.000000e+00 6.600000e+01 6.700000e+01 1.366064e+00 9.099264e-03 1.802233e-02 9.999997e-01 6.463107e-04 -3.437536e-04 2.295359e-04
4.000000e+00 6.700000e+01 6.800000e+01 1.362162e+00 8.431322e-03 1.675353e-02 9.999998e-01 6.130532e-04 -2.627299e-04 1.325016e-04
4.000000e+00 6.800000e+01 6.900000e+01 1.357493e+00 1.539632e-02 1.848137e-02 9.999999e-01 -3.304037e-04 -1.909141e-04 6.786645e-05
4.000000e+00 6.900000e+01 7.000000e+01 1.353153e+00 1.264532e-02 1.764509e-02 9.999999e-01 9.883390e-05 -3.455126e-04 -6.378025e-05
4.000000e+00 7.000000e+01 7.100000e+01 1.351730e+00 1.199107e-02 1.694331e-02 9.999999e-01 -3.646174e-04 -3.352536e-04 -1.226386e-04
4.000000e+00 7.100000e+01 7.200000e+01 1.349863e+00 1.409638e-02 1.727966e-02 9.999997e-01 -8.002129e-04 6.883437e-05 -1.785168e-04
4.000000e+00 7.200000e+01 7.300000e+01 1.345380e+00 6.298103e-03 1.390922e-02 9.999997e-01 -2.311267e-04 6.898728e-04 -1.128055e-04
4.000000e+00 7.300000e+01 7.400000e+01 1.345345e+00 1.323471e-02 1.963201e-02 9.999995e-01 -6.485781e-04 7.821903e-04 -6.757442e-05
4.000000e+00 7.400000e+01 7.500000e+01 1.340476e+00 9.813618e-03 1.895603e-02 9.999997e-01 2.621363e-04 -6.548541e-04 -3.508799e-05
4.000000e+00 7.500000e+01 7.600000e+01 1.338508e+00 1.115636e-02 1.834090e-02 9.999991e-01 5.696452e-05 -1.320760e-03 -5.943432e-05
4.000000e+00 7.600000e+01 7.700000e+01 1.336303e+00 2.812149e-03 1.161981e-02 9.999998e-01 2.673592e-04 -5.891262e-04 1.344945e-05
4.000000e+00 7.700000e+01 7.800000e+01 1.344792e+00 1.139313e-02 1.885311e-02 9.999992e-01 1.067099e-03 6.512749e-04 -7.154477e-05
4.000000e+00 7.800000e+01 7.900000e+01 1.341408e+00 9.401628e-03 1.854224e-02 9.999987e-01 1.184503e-03 1.056559e-03 -3.012058e-04
4.000000e+00 7.900000e+01 8.000000e+01 1.338387e+00 1.686325e-02 2.356593e-02 9.999995e-01 7.886778e-04 3.341888e-04 -4.598491e-04
4.000000e+00 8.000000e+01 8.100000e+01 1.331984e+00 1.573940e-02 2.160882e-02 9.999996e-01 4.380150e-04 -7.205508e-04 -3.641347e-04
4.000000e+00 8.100000e+01 8.200000e+01 1.328329e+00 1.578586e-02 1.987464e-02 9.999988e-01 -9.577021e-04 -1.196818e-03 -3.386211e-04
4.000000e+00 8.200000e+01 8.300000e+01 1.323538e+00 5.701784e-03 1.279352e-02 9.999988e-01 -9.810647e-04 -1.093086e-03 -5.474035e-04
4.000000e+00 8.300000e+01 8.400000e+01 1.331615e+00 6.655330e-03 1.153116e-02 9.999986e-01 -1.523387e-03 -1.022048e-04 -6.981693e-04
4.000000e+00 8.400000e+01 8.500000e+01 1.333178e+00 4.652155e-03 1.022736e-02 9.999989e-01 -7.189818e-04 1.096632e-03 -6.953792e-04
4.000000e+00 8.500000e+01 8.600000e+01 1.334663e+00 2.348122e-03 1.151478e-02 9.999991e-01 -4.776046e-05 1.226588e-03 -5.140036e-04
4.000000e+00 8.600000e+01 8.700000e+01 1.333994e+00 8.731783e-04 1.065636e-02 9.999997e-01 4.973756e-04 3.543437e-04 -3.885029e-04
4.000000e+00 8.700000e+01 8.800000e+01 1.343170e+00 7.649425e-03 1.760378e-02 9.999998e-01 -2.564409e-04 -3.689999e-04 -5.141758e-04
4.000000e+00 8.800000e+01 8.900000e+01 1.363886e+00 2.012223e-02 3.096111e-02 9.999994e-01 -8.844113e-04 -2.301444e-04 -6.185934e-04
4.000000e+00 8.900000e+01 9.000000e+01 1.355793e+00 1.669867e-02 2.482800e-02 9.999993e-01 -1.017553e-03 -1.802373e-04 -5.673010e-04
4.000000e+00 9.000000e+01 9.100000e+01 1.359253e+00 1.548870e-02 2.527635e-02 9.999996e-01 -3.781873e-04 -5.280398e-04 -5.654047e-04
4.000000e+00 9.100000e+01 9.200000e+01 1.353613e+00 1.276419e-02 1.963024e-02 9.999997e-01 -5.485548e-04 -2.754164e-04 -5.465264e-04
4.000000e+00 9.200000e+01 9.300000e+01 1.355460e+00 1.856520e-02 3.286388e-02 9.999998e-01 4.169605e-04 -1.268945e-04 -4.589157e-04
4.000000e+00 9.300000e+01 9.400000e+01 1.357246e+00 1.422870e-02 2.530787e-02 9.999998e-01 2.585430e-04 3.986188e-04 -3.795522e-04
4.000000e+00 9.400000e+01 9.500000e+01 1.357566e+00 1.672082e-02 2.918832e-02 9.999995e-01 4.762413e-04 7.661966e-04 -4.112814e-04
4.000000e+00 9.500000e+01 9.600000e+01 1.348743e+00 1.114190e-02 2.211540e-02 9.999999e-01 4.975460e-04 3.652003e-05 -1.619647e-04
4.000000e+00 9.600000e+01 9.700000e+01 1.354069e+00 1.115573e-02 2.420336e-02 9.999994e-01 1.037451e-03 1.928039e-04 8.577102e-06
4.000000e+00 9.700000e+01 9.800000e+01 1.351743e+00 1.480596e-02 3.183209e-02 9.999996e-01 8.329177e-04 2.602791e-04 1.609416e-04
4.000000e+00 9.800000e+01 9.900000e+01 1.353144e+00 1.598859e-02 3.246019e-02 9.999997e-01 7.569763e-04 -1.855392e-04 2.641561e-04
4.000000e+00 9.900000e+01 1.000000e+02 1.345992e+00 1.245978e-02 2.447542e-02 9.999995e-01 7.985112e-04 -4.500824e-05 6.221832e-04
4.000000e+00 1.000000e+02 1.010000e+02 1.351878e+00 1.265724e-02 2.532587e-02 9.999995e-01 6.272439e-04 4.995455e-04 5.372410e-04
4.000000e+00 1.010000e+02 1.020000e+02 1.350214e+00 1.076856e-02 2.477782e-02 9.999995e-01 7.838671e-04 1.514807e-04 5.074025e-04
4.000000e+00 1.020000e+02 1.030000e+02 1.350266e+00 1.300063e-02 3.128787e-02 9.999997e-01 3.758761e-04 -4.998569e-05 6.478801e-04
4.000000e+00 1.030000e+02 1.040000e+02 1.349250e+00 1.112746e-02 2.491983e-02 9.999998e-01 1.334700e-04 -2.357865e-04 6.237293e-04
4.000000e+00 1.040000e+02 1.050000e+02 1.347664e+00 1.074559e-02 2.283147e-02 9.999998e-01 1.922804e-04 -2.539439e-04 5.172530e-04
4.000000e+00 1.050000e+02 1.060000e+02 1.347796e+00 9.229065e-03 2.372221e-02 9.999991e-01 8.205169e-04 -8.918165e-04 4.815141e-04
4.000000e+00 1.060000e+02 1.070000e+02 1.343293e+00 5.885968e-03 2.543858e-02 9.999958e-01 2.767755e-03 -7.269560e-04 5.432288e-04
4.000000e+00 1.070000e+02 1.080000e+02 1.353085e+00 5.009909e-03 2.963173e-02 9.999931e-01 3.400131e-03 1.403219e-03 5.464808e-04
4.000000e+00 1.080000e+02 1.090000e+02 1.349336e+00 -6.502368e-04 2.282873e-02 9.999923e-01 3.822746e-03 4.682051e-04 7.118638e-04
4.000000e+00 1.090000e+02 1.100000e+02 1.344970e+00 4.693485e-03 2.572999e-02 9.999977e-01 1.662423e-03 -1.209010e-03 6.012537e-04
4.000000e+00 1.100000e+02 1.110000e+02 1.343420e+00 7.500416e-03 1.962342e-02 9.999980e-01 3.785612e-05 -2.000928e-03 -8.991354e-05
4.000000e+00 1.110000e+02 1.120000e+02 1.345747e+00 1.519934e-02 2.399079e-02 9.999980e-01 -1.776566e-03 -8.835578e-04 -4.089809e-04
4.000000e+00 1.120000e+02 1.130000e+02 1.347243e+00 6.211361e-03 1.632067e-02 9.999999e-01 -1.302791e-04 2.712667e-06 -3.757878e-04
4.000000e+00 1.130000e+02 1.140000e+02 1.349073e+00 -8.941345e-04 1.694697e-02 9.999978e-01 1.361177e-03 1.568195e-03 -3.355625e-04
4.000000e+00 1.140000e+02 1.150000e+02 1.350396e+00 -7.104511e-03 1.647494e-02 9.999949e-01 2.723902e-03 1.618421e-03 -2.844216e-04
4.000000e+00 1.150000e+02 1.160000e+02 1.349145e+00 -8.889056e-03 1.836328e-02 9.999978e-01 2.077936e-03 3.551485e-04 -1.640512e-05
4.000000e+00 1.160000e+02 1.170000e+02 1.346800e+00 -6.469954e-03 1.843010e-02 9.999996e-01 8.981799e-04 1.843885e-04 2.119992e-05
4.000000e+00 1.170000e+02 1.180000e+02 1.350502e+00 -3.161739e-03 2.199929e-02 9.999996e-01 -7.790694e-04 1.824496e-04 -4.074737e-04
4.000000e+00 1.180000e+02 1.190000e+02 1.349829e+00 2.954216e-03 2.053794e-02 9.999979e-01 -1.971449e-03 -1.804820e-04 -5.938788e-04
4.000000e+00 1.190000e+02 1.200000e+02 1.350605e+00 -1.246818e-03 2.233068e-02 9.999977e-01 -1.715887e-03 -1.201709e-03 -4.389259e-04
4.000000e+00 1.200000e+02 1.210000e+02 1.351262e+00 -1.412021e-03 1.638345e-02 9.999988e-01 -1.421089e-03 -4.244347e-04 -3.624978e-04
4.000000e+00 1.210000e+02 1.220000e+02 1.358553e+00 -1.450657e-03 1.741686e-02 9.999993e-01 -1.006086e-03 6.715333e-04 -2.009052e-04
4.000000e+00 1.220000e+02 1.230000e+02 1.361126e+00 -2.732610e-03 2.027469e-02 9.999997e-01 -8.184784e-04 -9.588001e-05 1.195967e-04
4.000000e+00 1.230000e+02 1.240000e+02 1.360135e+00 2.094314e-04 1.737651e-02 9.999988e-01 -9.570969e-04 -1.205362e-03 2.620671e-04
4.000000e+00 1.240000e+02 1.250000e+02 1.359543e+00 3.170730e-03 1.699824e-02 9.999974e-01 -1.741322e-03 -1.452769e-03 2.741247e-04
4.000000e+00 1.250000e+02 1.260000e+02 1.364422e+00 -2.180293e-02 4.508901e-03 9.999968e-01 -2.447573e-03 -6.503093e-04 1.150298e-04
4.000000e+00 1.260000e+02 1.270000e+02 1.369075e+00 -1.718333e-02 1.283381e-02 9.999973e-01 -2.297796e-03 4.243259e-04 -1.331986e-04
4.000000e+00 1.270000e+02 1.280000e+02 1.376715e+00 -3.997550e-03 1.206205e-02 9.999978e-01 -1.664765e-03 1.241584e-03 -2.486564e-04
4.000000e+00 1.280000e+02 1.290000e+02 1.379858e+00 -1.254176e-02 1.164606e-02 9.999995e-01 -1.803930e-04 9.886742e-04 -5.690096e-05
4.000000e+00 1.290000e+02 1.300000e+02 1.376778e+00 -1.212958e-02 -2.523155e-03 9.999987e-01 1.430532e-03 6.687754e-04 3.874467e-04
4.000000e+00 1.300000e+02 1.310000e+02 1.375575e+00 -1.427184e-02 2.522254e-03 9.999988e-01 1.282268e-03 -7.686768e-05 8.302772e-04
4.000000e+00 1.310000e+02 1.320000e+02 1.381069e+00 -5.140177e-03 1.013333e-02 9.999973e-01 2.177770e-04 -2.056283e-03 1.027569e-03
4.000000e+00 1.320000e+02 1.330000e+02 1.379190e+00 -4.585224e-03 7.141515e-03 9.999970e-01 -5.261066e-04 -2.254982e-03 7.474993e-04
4.000000e+00 1.330000e+02 1.340000e+02 1.388558e+00 3.610150e-03 7.072663e-03 9.999970e-01 -2.387262e-03 -4.573675e-04 3.135928e-04
4.000000e+00 1.340000e+02 1.350000e+02 1.394445e+00 2.340344e-03 6.756626e-03 9.999977e-01 -2.030879e-03 6.993161e-04 8.224212e-05
4.000000e+00 1.350000e+02 1.360000e+02 1.395906e+00 -7.055195e-03 5.952075e-03 9.999984e-01 -8.533072e-04 1.538454e-03 -1.184335e-04
4.000000e+00 1.360000e+02 1.370000e+02 1.399754e+00 -7.688156e-03 1.372415e-02 9.999993e-01 -3.935238e-04 1.090333e-03 -1.925031e-04
4.000000e+00 1.370000e+02 1.380000e+02 1.401747e+00 -1.800876e-03 1.892264e-02 9.999999e-01 3.213716e-04 4.070642e-04 -3.776379e-05
4.000000e+00 1.380000e+02 1.390000e+02 1.404714e+00 -3.891655e-03 1.845558e-02 9.999996e-01 7.479902e-04 3.885970e-04 2.849541e-05
4.000000e+00 1.390000e+02 1.400000e+02 1.408176e+00 -6.124581e-03 2.015731e-02 9.999991e-01 1.293917e-03 2.160751e-04 -1.608230e-07
4.000000e+00 1.400000e+02 1.410000e+02 1.408650e+00 -4.194441e-03 2.261201e-02 9.999991e-01 1.330512e-03 3.867845e-06 -1.967211e-04
4.000000e+00 1.410000e+02 1.420000e+02 1.418636e+00 -4.216580e-03 2.523302e-02 9.999988e-01 1.497979e-03 4.792255e-04 -1.726985e-04
4.000000e+00 1.420000e+02 1.430000e+02 1.419764e+00 -4.279449e-03 2.415005e-02 9.999975e-01 2.036066e-03 9.002420e-04 -2.135955e-04
4.000000e+00 1.430000e+02 1.440000e+02 1.421815e+00 8.091827e-04 3.605779e-02 9.999985e-01 1.717468e-03 1.507869e-05 -1.241007e-04
4.000000e+00 1.440000e+02 1.450000e+02 1.419979e+00 5.029802e-03 2.926777e-02 9.999973e-01 -9.308019e-04 -2.109438e-03 -1.038861e-04
4.000000e+00 1.450000e+02 1.460000e+02 1.423010e+00 1.652847e-02 3.993538e-02 9.999907e-01 -3.269047e-03 -2.802388e-03 -2.160390e-04
4.000000e+00 1.460000e+02 1.470000e+02 1.433493e+00 1.943267e-02 2.535206e-02 9.999889e-01 -4.674535e-03 -2.442779e-04 -5.523842e-04
4.000000e+00 1.470000e+02 1.480000e+02 1.438205e+00 2.001163e-02 2.312717e-02 9.999890e-01 -4.137202e-03 2.123707e-03 -6.550800e-04
4.000000e+00 1.480000e+02 1.490000e+02 1.438032e+00 8.194167e-03 1.279905e-02 9.999989e-01 -7.422117e-04 1.203990e-03 -3.619054e-04
4.000000e+00 1.490000e+02 1.500000e+02 1.438022e+00 1.588944e-03 1.431591e-02 9.999995e-01 1.019504e-03 -2.588576e-05 2.592899e-04
4.000000e+00 1.500000e+02 1.510000e+02 1.448035e+00 5.688334e-06 1.502858e-02 9.999986e-01 1.549257e-03 1.754652e-05 5.735691e-04
4.000000e+00 1.510000e+02 1.520000e+02 1.449702e+00 1.167812e-03 1.269299e-02 9.999991e-01 1.243055e-03 -4.489122e-05 5.537758e-04
4.000000e+00 1.520000e+02 1.530000e+02 1.455352e+00 2.396725e-03 1.354332e-02 9.999999e-01 -1.800843e-04 -4.414918e-04 2.539448e-04
4.000000e+00 1.530000e+02 1.540000e+02 1.461924e+00 5.919916e-03 2.372083e-02 9.999997e-01 -7.220987e-04 6.891030e-05 5.904438e-05
4.000000e+00 1.540000e+02 1.550000e+02 1.460672e+00 6.097439e-03 2.246730e-02 9.999997e-01 -6.250178e-04 4.894465e-04 7.032346e-05
4.000000e+00 1.550000e+02 1.560000e+02 1.469088e+00 4.537109e-03 2.693741e-02 9.999999e-01 2.947466e-04 -6.972455e-05 1.153004e-04
4.000000e+00 1.560000e+02 1.570000e+02 1.472269e+00 -1.050099e-04 2.183485e-02 9.999997e-01 2.107842e-04 -7.034353e-04 1.892211e-04
4.000000e+00 1.570000e+02 1.580000e+02 1.475260e+00 -1.937179e-03 1.533293e-02 9.999999e-01 3.757725e-04 -4.964823e-05 9.396354e-05
4.000000e+00 1.580000e+02 1.590000e+02 1.480622e+00 3.743275e-03 1.881646e-02 9.999999e-01 -1.743242e-04 1.696938e-04 2.274531e-04
4.000000e+00 1.590000e+02 1.600000e+02 1.477464e+00 4.963193e-03 2.062326e-02 9.999999e-01 -1.547169e-05 -2.755951e-04 1.689054e-04
4.000000e+00 1.600000e+02 1.610000e+02 1.486307e+00 2.348171e-03 2.119403e-02 1.000000e+00 -2.478881e-05 -1.365693e-04 9.798044e-05
4.000000e+00 1.610000e+02 1.620000e+02 1.484295e+00 2.202983e-03 1.596143e-02 9.999998e-01 -5.480998e-04 2.794400e-05 1.769014e-04
4.000000e+00 1.620000e+02 1.630000e+02 1.489658e+00 -1.130922e-03 1.608528e-02 9.999999e-01 1.794825e-04 -2.050767e-04 1.677139e-04
4.000000e+00 1.630000e+02 1.640000e+02 1.490384e+00 -1.522561e-03 1.339538e-02 1.000000e+00 -2.504597e-04 5.567047e-05 1.343930e-04
4.000000e+00 1.640000e+02 1.650000e+02 1.491320e+00 -3.930702e-03 1.803732e-02 9.999999e-01 4.722574e-04 6.686481e-05 5.045351e-05
4.000000e+00 1.650000e+02 1.660000e+02 1.491025e+00 -3.561456e-03 1.386665e-02 9.999997e-01 6.260948e-04 -3.187945e-04 -6.302668e-05
4.000000e+00 1.660000e+02 1.670000e+02 1.494477e+00 -5.479517e-03 1.020743e-02 9.999998e-01 5.655094e-04 1.751945e-04 -8.532409e-05
4.000000e+00 1.670000e+02 1.680000e+02 1.496922e+00 -5.256617e-03 1.283452e-02 9.999996e-01 7.943591e-04 3.742381e-04 -1.008510e-04
4.000000e+00 1.680000e+02 1.690000e+02 1.495913e+00 -3.499829e-03 1.655800e-02 1.000000e+00 7.965626e-05 2.171678e-04 6.310004e-06
4.000000e+00 1.690000e+02 1.700000e+02 1.501397e+00 -4.482569e-04 2.108448e-02 1.000000e+00 -1.879394e-04 -7.932658e-05 4.250396e-05
4.000000e+00 1.700000e+02 1.710000e+02 1.505729e+00 -1.046983e-03 2.162831e-02 9.999997e-01 -3.468941e-04 -6.155982e-04 -1.142849e-04
4.000000e+00 1.710000e+02 1.720000e+02 1.505605e+00 5.809520e-04 1.966389e-02 9.999997e-01 -6.374532e-04 4.010897e-04 -2.558486e-04
4.000000e+00 1.720000e+02 1.730000e+02 1.510803e+00 -3.763475e-04 2.033688e-02 9.999992e-01 -1.582823e-04 1.216429e-03 -3.069584e-04
4.000000e+00 1.730000e+02 1.740000e+02 1.511080e+00 -1.724162e-03 2.093841e-02 9.999999e-01 1.333182e-04 1.953462e-04 -2.545269e-04
4.000000e+00 1.740000e+02 1.750000e+02 1.516136e+00 -3.493817e-04 2.316723e-02 9.999997e-01 -1.269063e-04 -7.936749e-04 -2.461710e-04
4.000000e+00 1.750000e+02 1.760000e+02 1.514779e+00 -1.609149e-03 1.928957e-02 9.999997e-01 1.444489e-05 -6.790935e-04 -2.838318e-04
4.000000e+00 1.760000e+02 1.770000e+02 1.521312e+00 -1.018400e-03 1.431662e-02 9.999998e-01 -5.159006e-04 2.296101e-04 -1.480026e-04
4.000000e+00 1.770000e+02 1.780000e+02 1.524846e+00 -3.137541e-03 1.539076e-02 9.999999e-01 2.454076e-04 4.701753e-04 -2.708219e-05
4.000000e+00 1.780000e+02 1.790000e+02 1.520705e+00 -1.963986e-03 1.567389e-02 9.999999e-01 -3.845387e-05 3.680040e-04 1.583701e-04
4.000000e+00 1.790000e+02 1.800000e+02 1.528377e+00 -1.159013e-03 1.927427e-02 1.000000e+00 -1.625354e-04 1.637184e-04 1.159766e-04
4.000000e+00 1.800000e+02 1.810000e+02 1.527827e+00 -1.684918e-03 1.508266e-02 9.999997e-01 -7.330158e-04 4.842686e-05 -1.513438e-05
4.000000e+00 1.810000e+02 1.820000e+02 1.533023e+00 -1.827104e-03 1.538135e-02 9.999999e-01 -4.905664e-04 1.690555e-05 -9.890451e-05
4.000000e+00 1.820000e+02 1.830000e+02 1.531611e+00 -1.906935e-03 1.368524e-02 9.999999e-01 -2.998434e-04 1.161733e-05 5.834059e-05
4.000000e+00 1.830000e+02 1.840000e+02 1.534657e+00 -3.552310e-03 1.758795e-02 9.999997e-01 7.891623e-04 1.586546e-04 -8.400740e-06
4.000000e+00 1.840000e+02 1.850000e+02 1.538395e+00 -3.351983e-03 1.839636e-02 9.999996e-01 7.494170e-04 4.505242e-04 5.038695e-05
4.000000e+00 1.850000e+02 1.860000e+02 1.539287e+00 -5.711346e-03 1.917923e-02 9.999989e-01 1.411712e-03 5.076155e-04 -3.246097e-05
4.000000e+00 1.860000e+02 1.870000e+02 1.534924e+00 -5.038650e-03 1.878063e-02 9.999996e-01 7.702195e-04 -3.919569e-04 1.507903e-04
4.000000e+00 1.870000e+02 1.880000e+02 1.537887e+00 -4.850670e-03 1.704725e-02 9.999995e-01 6.132402e-04 -7.087177e-04 1.290898e-04
4.000000e+00 1.880000e+02 1.890000e+02 1.538485e+00 -3.276033e-03 2.085038e-02 9.999991e-01 9.734123e-04 9.048166e-04 -2.853968e-04
4.000000e+00 1.890000e+02 1.900000e+02 1.546211e+00 9.349420e-04 2.710808e-02 9.999990e-01 5.264613e-04 1.264609e-03 -2.154795e-04
4.000000e+00 1.900000e+02 1.910000e+02 1.540887e+00 -2.215805e-03 3.759170e-02 9.999994e-01 9.716817e-04 -5.028147e-04 -7.492702e-05
4.000000e+00 1.910000e+02 1.920000e+02 1.539574e+00 -1.093455e-03 3.197908e-02 9.999996e-01 4.216973e-04 -7.679457e-04 -1.527461e-04
4.000000e+00 1.920000e+02 1.930000e+02 1.539550e+00 2.256983e-03 3.517315e-02 9.999998e-01 -4.873215e-04 -3.829879e-05 -3.196283e-04
4.000000e+00 1.930000e+02 1.940000e+02 1.541585e+00 3.183450e-03 3.436430e-02 9.999996e-01 -7.400399e-04 1.952883e-04 -5.357990e-04
4.000000e+00 1.940000e+02 1.950000e+02 1.546521e+00 4.210024e-03 3.777629e-02 9.999995e-01 -8.517814e-04 -2.042896e-04 -4.764386e-04
4.000000e+00 1.950000e+02 1.960000e+02 1.542437e+00 4.366371e-03 3.104628e-02 9.999997e-01 -5.987274e-04 -3.890027e-05 -4.777700e-04
4.000000e+00 1.960000e+02 1.970000e+02 1.546459e+00 8.580424e-03 4.565937e-02 9.999998e-01 -3.805689e-04 -1.763379e-04 -3.947468e-04
4.000000e+00 1.970000e+02 1.980000e+02 1.541842e+00 4.421498e-03 3.571113e-02 9.999999e-01 -1.794419e-04 -2.977416e-04 -4.205250e-04
4.000000e+00 1.980000e+02 1.990000e+02 1.550113e+00 5.768068e-03 4.326880e-02 9.999998e-01 2.677650e-04 -2.250284e-04 -4.572383e-04
4.000000e+00 1.990000e+02 2.000000e+02 1.550947e+00 1.034542e-03 2.922291e-02 9.999999e-01 2.917099e-04 8.571523e-05 -4.205845e-04
4.000000e+00 2.000000e+02 2.010000e+02 1.554345e+00 4.385578e-04 2.993176e-02 9.999996e-01 4.522290e-04 6.598884e-04 -3.698922e-04
4.000000e+00 2.010000e+02 2.020000e+02 1.550940e+00 -1.826906e-03 2.532205e-02 9.999997e-01 7.071697e-04 2.121288e-04 -1.741502e-04
4.000000e+00 2.020000e+02 2.030000e+02 1.544922e+00 -2.004529e-06 2.933882e-02 9.999993e-01 3.357606e-04 -1.177581e-03 -4.255992e-05
4.000000e+00 2.030000e+02 2.040000e+02 1.554580e+00 6.886504e-04 2.831441e-02 9.999991e-01 4.708559e-04 -1.284328e-03 1.651712e-04
4.000000e+00 2.040000e+02 2.050000e+02 1.554005e+00 1.607925e-03 2.534320e-02 9.999999e-01 -1.561134e-04 -1.538552e-04 4.214695e-04
4.000000e+00 2.050000e+02 2.060000e+02 1.557052e+00 7.654315e-04 2.160122e-02 9.999996e-01 8.052048e-04 3.361504e-04 3.509050e-04
4.000000e+00 2.060000e+02 2.070000e+02 1.559125e+00 4.794796e-04 2.127054e-02 9.999998e-01 -4.517532e-05 -3.091013e-04 5.054401e-04
4.000000e+00 2.070000e+02 2.080000e+02 1.562681e+00 1.039001e-03 2.369717e-02 9.999999e-01 -1.321337e-04 -1.368401e-04 2.804438e-04
4.000000e+00 2.080000e+02 2.090000e+02 1.569447e+00 2.471690e-03 2.534799e-02 9.999999e-01 -1.856529e-05 2.518062e-04 3.564042e-04
4.000000e+00 2.090000e+02 2.100000e+02 1.571926e+00 1.655742e-03 2.699824e-02 9.999999e-01 2.249708e-04 1.513693e-04 4.245711e-04
4.000000e+00 2.100000e+02 2.110000e+02 1.578189e+00 -3.524477e-03 1.760358e-02 9.999997e-01 3.251990e-04 3.860754e-04 5.177281e-04
4.000000e+00 2.110000e+02 2.120000e+02 1.586833e+00 -1.130951e-03 2.092761e-02 9.999993e-01 -7.921458e-04 7.814789e-04 2.892988e-04
4.000000e+00 2.120000e+02 2.130000e+02 1.584625e+00 -6.060190e-04 2.304255e-02 9.999999e-01 -2.664282e-04 2.892056e-04 -3.122625e-04
4.000000e+00 2.130000e+02 2.140000e+02 1.592055e+00 -7.552626e-04 2.713765e-02 9.999998e-01 -2.901398e-04 -2.607194e-04 -4.858288e-04
4.000000e+00 2.140000e+02 2.150000e+02 1.596662e+00 -3.722325e-03 2.117585e-02 9.999997e-01 6.421588e-04 -2.240659e-04 -1.964220e-04
4.000000e+00 2.150000e+02 2.160000e+02 1.599279e+00 -4.803015e-03 2.505281e-02 9.999995e-01 8.609076e-04 -4.359928e-04 -9.616424e-05
4.000000e+00 2.160000e+02 2.170000e+02 1.603104e+00 -1.425901e-03 2.303475e-02 9.999992e-01 8.267956e-04 -9.671032e-04 -1.613041e-04
4.000000e+00 2.170000e+02 2.180000e+02 1.607572e+00 4.954310e-03 3.001369e-02 9.999999e-01 1.322369e-04 -4.929885e-04 -4.702214e-06
4.000000e+00 2.180000e+02 2.190000e+02 1.614456e+00 5.615081e-03 2.515020e-02 9.999993e-01 -2.610439e-04 -4.603292e-04 1.060077e-03
4.000000e+00 2.190000e+02 2.200000e+02 1.611794e+00 8.763746e-03 2.693652e-02 9.999993e-01 -4.565040e-04 2.021239e-04 1.077547e-03
4.000000e+00 2.200000e+02 2.210000e+02 1.624300e+00 1.252756e-02 2.794398e-02 9.999984e-01 -8.692193e-04 1.576768e-03 2.193262e-04
4.000000e+00 2.210000e+02 2.220000e+02 1.627595e+00 3.403712e-03 2.746833e-02 9.999984e-01 6.120105e-04 1.643245e-03 -2.457700e-04
4.000000e+00 2.220000e+02 2.230000e+02 1.629025e+00 3.379191e-03 3.506511e-02 9.999998e-01 5.236106e-04 4.220581e-04 -1.049254e-04
4.000000e+00 2.230000e+02 2.240000e+02 1.628419e+00 2.602742e-04 2.990678e-02 9.999995e-01 7.143313e-04 -6.562403e-04 -1.473974e-04
4.000000e+00 2.240000e+02 2.250000e+02 1.629969e+00 1.802470e-03 3.075767e-02 9.999999e-01 3.838803e-04 1.846061e-05 -1.723608e-04
4.000000e+00 2.250000e+02 2.260000e+02 1.631789e+00 1.232885e-03 2.900587e-02 1.000000e+00 -6.304380e-05 2.098687e-04 -9.791644e-05
4.000000e+00 2.260000e+02 2.270000e+02 1.625951e+00 2.569912e-03 3.483055e-02 1.000000e+00 6.621134e-05 -9.998866e-05 -2.452737e-04
4.000000e+00 2.270000e+02 2.280000e+02 1.628614e+00 3.238446e-03 3.127962e-02 9.999997e-01 -7.226564e-04 -2.997403e-04 -2.377675e-04
4.000000e+00 2.280000e+02 2.290000e+02 1.629550e+00 3.944859e-03 3.617979e-02 9.999998e-01 -3.965955e-04 -3.773447e-04 -3.346735e-04
4.000000e+00 2.290000e+02 2.300000e+02 1.626952e+00 -1.831600e-03 2.768616e-02 9.999993e-01 5.565777e-04 8.995915e-04 -4.217678e-04
4.000000e+00 2.300000e+02 2.310000e+02 1.626853e+00 -2.049596e-03 3.045718e-02 9.999997e-01 4.464053e-04 5.560489e-04 -6.594646e-05
4.000000e+00 2.310000e+02 2.320000e+02 1.618602e+00 -1.681303e-03 2.488072e-02 9.999995e-01 6.157122e-04 -7.313532e-04 1.462430e-04
4.000000e+00 2.320000e+02 2.330000e+02 1.620082e+00 2.585798e-03 3.414471e-02 9.999999e-01 -4.026741e-04 5.215596e-05 -3.424501e-06
4.000000e+00 2.330000e+02 2.340000e+02 1.613143e+00 4.280736e-03 2.988214e-02 9.999991e-01 -1.194447e-03 -6.772867e-04 5.706440e-05
4.000000e+00 2.340000e+02 2.350000e+02 1.607188e+00 2.938746e-03 3.124176e-02 9.999974e-01 -5.953842e-04 -2.158793e-03 3.575300e-04
4.000000e+00 2.350000e+02 2.360000e+02 1.611798e+00 2.588375e-03 2.394686e-02 9.999994e-01 -7.882123e-04 5.623898e-04 4.456879e-04
4.000000e+00 2.360000e+02 2.370000e+02 1.608141e+00 2.128941e-03 2.614526e-02 9.999984e-01 -2.681695e-04 1.710184e-03 4.484944e-04
4.000000e+00 2.370000e+02 2.380000e+02 1.617886e+00 3.815922e-04 2.273205e-02 9.999984e-01 -5.895768e-04 1.620122e-03 5.469117e-04
4.000000e+00 2.380000e+02 2.390000e+02 1.606556e+00 -7.218898e-04 2.319650e-02 9.999996e-01 -2.400073e-04 -6.331634e-04 6.003787e-04
4.000000e+00 2.390000e+02 2.400000e+02 1.599610e+00 -2.093197e-03 1.769122e-02 9.999990e-01 3.303789e-04 -1.027056e-03 8.997798e-04
4.000000e+00 2.400000e+02 2.410000e+02 1.603118e+00 -3.969797e-03 1.659871e-02 9.999991e-01 5.058918e-04 7.744113e-04 9.510012e-04
4.000000e+00 2.410000e+02 2.420000e+02 1.599866e+00 -3.649158e-03 2.453712e-02 9.999995e-01 8.164190e-04 4.278405e-04 4.970488e-04
4.000000e+00 2.420000e+02 2.430000e+02 1.598111e+00 -2.924682e-03 2.389503e-02 9.999999e-01 1.388559e-04 -4.792201e-04 2.127940e-04
4.000000e+00 2.430000e+02 2.440000e+02 1.594696e+00 2.985904e-03 2.916185e-02 9.999998e-01 3.305871e-04 -4.517750e-04 1.039584e-04
4.000000e+00 2.440000e+02 2.450000e+02 1.598777e+00 1.886349e-03 2.499630e-02 1.000000e+00 3.275159e-05 2.846342e-05 1.021265e-05
4.000000e+00 2.450000e+02 2.460000e+02 1.591693e+00 3.992921e-03 2.995339e-02 1.000000e+00 2.467376e-04 -8.803336e-05 -1.741660e-05
4.000000e+00 2.460000e+02 2.470000e+02 1.593063e+00 2.362513e-03 3.080237e-02 9.999999e-01 3.235112e-04 -3.019680e-04 1.208835e-05
4.000000e+00 2.470000e+02 2.480000e+02 1.591183e+00 3.314196e-03 3.005335e-02 9.999999e-01 9.164521e-05 -3.311880e-04 6.070097e-05
4.000000e+00 2.480000e+02 2.490000e+02 1.590968e+00 3.380809e-03 2.708334e-02 9.999999e-01 2.484760e-04 1.779444e-04 -3.730021e-05
4.000000e+00 2.490000e+02 2.500000e+02 1.591364e+00 4.979005e-03 2.745864e-02 9.999999e-01 -2.170979e-04 -5.007036e-04 -3.777995e-05
4.000000e+00 2.500000e+02 2.510000e+02 1.585464e+00 1.689810e-03 2.669576e-02 9.999995e-01 7.578029e-04 -6.134503e-04 -4.122963e-05
4.000000e+00 2.510000e+02 2.520000e+02 1.598104e+00 1.677678e-03 2.616565e-02 9.999995e-01 6.797352e-04 7.391518e-04 -6.174311e-05
4.000000e+00 2.520000e+02 2.530000e+02 1.597462e+00 5.340348e-03 2.940064e-02 9.999995e-01 8.349583e-04 5.741752e-04 5.968654e-05
4.000000e+00 2.530000e+02 2.540000e+02 1.597452e+00 3.588666e-03 2.541168e-02 9.999999e-01 2.733091e-04 -3.500065e-04 -2.728587e-05
4.000000e+00 2.540000e+02 2.550000e+02 1.605737e+00 1.136433e-02 3.107607e-02 9.999997e-01 -5.598852e-04 -4.356246e-04 -1.840304e-04
4.000000e+00 2.550000e+02 2.560000e+02 1.589080e+00 1.008987e-02 2.590376e-02 9.999993e-01 -1.003617e-03 6.307043e-04 -2.330334e-04
4.000000e+00 2.560000e+02 2.570000e+02 1.640422e+00 1.357165e-02 3.428136e-02 9.999997e-01 -6.684702e-04 1.512314e-04 -2.464408e-04
4.000000e+00 2.570000e+02 2.580000e+02 1.610112e+00 9.078137e-03 2.898332e-02 9.999999e-01 -2.024721e-04 -1.239386e-04 -1.840608e-04
4.000000e+00 2.580000e+02 2.590000e+02 1.555973e+00 9.107592e-03 2.887977e-02 9.999999e-01 8.848259e-05 -3.982816e-04 -1.191562e-04
4.000000e+00 2.590000e+02 2.600000e+02 1.606399e+00 5.802891e-03 2.375358e-02 1.000000e+00 -8.200893e-05 -1.218859e-04 -1.407955e-04
4.000000e+00 2.600000e+02 2.610000e+02 1.605815e+00 3.463254e-03 2.410548e-02 1.000000e+00 -1.918596e-04 -2.599384e-05 -1.112935e-04
4.000000e+00 2.610000e+02 2.620000e+02 1.614421e+00 4.022131e-03 2.292997e-02 9.999998e-01 -5.771259e-04 6.129022e-05 -1.518410e-04
4.000000e+00 2.620000e+02 2.630000e+02 1.613384e+00 5.968310e-03 2.599924e-02 9.999997e-01 -6.462713e-04 3.631252e-04 -1.564212e-04
4.000000e+00 2.630000e+02 2.640000e+02 1.620762e+00 5.256371e-03 2.705822e-02 9.999998e-01 -5.778302e-04 -3.054200e-04 -1.321653e-04
4.000000e+00 2.640000e+02 2.650000e+02 1.610576e+00 5.236566e-03 2.575871e-02 9.999999e-01 -4.333656e-04 -2.908403e-04 -1.340801e-04
4.000000e+00 2.650000e+02 2.660000e+02 1.616850e+00 4.810312e-03 2.641213e-02 9.999999e-01 -3.742065e-04 4.948510e-05 -1.602497e-04
4.000000e+00 2.660000e+02 2.670000e+02 1.618183e+00 3.727006e-03 2.363721e-02 9.999997e-01 -6.226298e-04 4.614280e-04 -1.187984e-04
4.000000e+00 2.670000e+02 2.680000e+02 1.620432e+00 2.903851e-03 2.302438e-02 9.999998e-01 -5.633852e-04 3.611959e-04 -1.885868e-04
4.000000e+00 2.680000e+02 2.690000e+02 1.630103e+00 2.402979e-03 2.260886e-02 9.999999e-01 -3.323892e-04 -3.313737e-04 -1.949644e-04
4.000000e+00 2.690000e+02 2.700000e+02 1.622200e+00 -2.648181e-04 2.554776e-02 1.000000e+00 -1.186633e-05 7.339944e-05 -1.252206e-04
