3.000000e+00 0.000000e+00 1.000000e+00 9.611735e-01 1.143233e-02 2.610878e-02 -3.944137e-02 -2.469839e-01 -9.090054e-02
3.000000e+00 1.000000e+00 2.000000e+00 9.629813e-01 7.455429e-03 2.166305e-02 1.205733e-01 -5.094917e-02 -3.345313e-02
3.000000e+00 2.000000e+00 3.000000e+00 9.632757e-01 1.590561e-02 3.673786e-02 8.489011e-02 2.471001e-01 -7.253544e-04
3.000000e+00 3.000000e+00 4.000000e+00 9.603480e-01 1.521775e-02 4.265849e-02 8.506397e-02 3.696530e-01 4.785168e-02
3.000000e+00 4.000000e+00 5.000000e+00 9.575996e-01 9.324225e-03 4.233230e-02 2.525661e-01 -5.127184e-02 8.126111e-02
3.000000e+00 5.000000e+00 6.000000e+00 9.317350e-01 1.083921e-02 3.593120e-02 1.562403e-01 -1.749175e-01 6.104273e-02
3.000000e+00 6.000000e+00 7.000000e+00 9.370510e-01 9.777516e-03 1.915430e-02 3.172964e-02 -1.759350e-01 4.629111e-02
3.000000e+00 7.000000e+00 8.000000e+00 9.295694e-01 1.223381e-02 2.247260e-02 -3.643536e-02 -3.730981e-02 4.575946e-02
3.000000e+00 8.000000e+00 9.000000e+00 9.293953e-01 9.441258e-03 1.965086e-02 -3.781727e-02 1.322329e-01 5.396359e-02
3.000000e+00 9.000000e+00 1.000000e+01 9.305004e-01 9.459064e-03 1.811661e-02 -4.214942e-03 1.677443e-01 4.036009e-02
3.000000e+00 1.000000e+01 1.100000e+01 9.230393e-01 9.331396e-03 1.792717e-02 8.877199e-03 7.503317e-02 5.747101e-02
3.000000e+00 1.100000e+01 1.200000e+01 9.504835e-01 9.480351e-03 2.241131e-02 8.912508e-02 3.760671e-02 3.607199e-02
3.000000e+00 1.200000e+01 1.300000e+01 8.836261e-01 7.375325e-03 2.952866e-02 8.997419e-03 -6.253471e-03 5.501021e-02
3.000000e+00 1.300000e+01 1.400000e+01 9.093460e-01 8.182707e-03 3.351007e-02 1.277764e-02 -9.036267e-02 3.897803e-02
3.000000e+00 1.400000e+01 1.500000e+01 9.076087e-01 8.505189e-03 3.671493e-02 2.622574e-02 -1.268101e-01 8.844914e-02
3.000000e+00 1.500000e+01 1.600000e+01 9.039129e-01 5.865257e-03 2.595616e-02 7.406463e-02 -7.315979e-02 8.610244e-02
3.000000e+00 1.600000e+01 1.700000e+01 9.007007e-01 7.909138e-03 1.818992e-02 -2.201363e-02 -3.159090e-02 9.538317e-02
3.000000e+00 1.700000e+01 1.800000e+01 8.968020e-01 8.676279e-03 1.674914e-02 -7.520842e-02 -5.170532e-02 8.253270e-02
3.000000e+00 1.800000e+01 1.900000e+01 8.918278e-01 5.735486e-03 1.277062e-02 -8.387033e-02 -3.453158e-03 9.795116e-02
3.000000e+00 1.900000e+01 2.000000e+01 8.921518e-01 4.171825e-03 1.428581e-02 3.095706e-02 5.480670e-02 8.950424e-02
3.000000e+00 2.000000e+01 2.100000e+01 8.875355e-01 5.457824e-03 1.847644e-02 -3.673203e-02 7.946459e-02 7.614254e-02
3.000000e+00 2.100000e+01 2.200000e+01 8.806804e-01 4.502595e-03 1.976140e-02 -9.754804e-03 1.912971e-02 8.600316e-02
3.000000e+00 2.200000e+01 2.300000e+01 8.742773e-01 1.238299e-03 8.379705e-03 6.451740e-02 -3.931239e-03 1.000829e-01
3.000000e+00 2.300000e+01 2.400000e+01 8.691330e-01 -8.177183e-04 8.223850e-03 1.083808e-02 -3.630183e-02 9.158834e-02
3.000000e+00 2.400000e+01 2.500000e+01 8.632263e-01 6.717063e-04 6.141532e-03 -4.207754e-03 2.637254e-02 5.858414e-02
3.000000e+00 2.500000e+01 2.600000e+01 8.571935e-01 -1.194062e-05 8.876764e-03 -1.193159e-02 1.122641e-01 5.998057e-02
3.000000e+00 2.600000e+01 2.700000e+01 8.580566e-01 -3.070866e-03 1.020745e-02 7.660280e-02 1.636318e-01 4.772621e-02
3.000000e+00 2.700000e+01 2.800000e+01 8.270086e-01 -5.632551e-03 5.375455e-03 -1.905548e-02 7.761418e-02 3.892884e-02
3.000000e+00 2.800000e+01 2.900000e+01 8.241614e-01 -2.691803e-03 7.139097e-03 -2.820573e-02 -6.824801e-02 4.354433e-02
3.000000e+00 2.900000e+01 3.000000e+01 8.142359e-01 -6.698968e-04 6.651036e-03 -8.483009e-02 -1.576989e-01 4.284033e-02
3.000000e+00 3.000000e+01 3.100000e+01 7.967250e-01 9.227432e-06 1.064167e-02 -3.216049e-02 -9.189342e-02 4.425872e-02
3.000000e+00 3.100000e+01 3.200000e+01 7.927879e-01 2.932250e-05 1.414217e-02 -4.253715e-02 -2.652856e-02 5.345274e-02
3.000000e+00 3.200000e+01 3.300000e+01 7.853396e-01 -7.918913e-04 1.359622e-02 1.106417e-02 -2.353266e-02 8.091223e-02
3.000000e+00 3.300000e+01 3.400000e+01 7.722035e-01 -1.254151e-03 7.726264e-03 -1.970878e-02 -3.568112e-02 1.067349e-01
3.000000e+00 3.400000e+01 3.500000e+01 7.669940e-01 -3.194656e-03 -5.302364e-03 -6.997718e-04 -2.215270e-02 1.058670e-01
3.000000e+00 3.500000e+01 3.600000e+01 7.605944e-01 -9.600278e-04 3.520554e-03 1.922720e-02 6.450202e-02 1.182739e-01
3.000000e+00 3.600000e+01 3.700000e+01 7.447783e-01 -6.033488e-04 9.997220e-03 4.038237e-03 1.514158e-01 1.125928e-01
3.000000e+00 3.700000e+01 3.800000e+01 7.380873e-01 2.969479e-03 1.584130e-02 -4.199628e-02 7.214166e-02 1.051748e-01
3.000000e+00 3.800000e+01 3.900000e+01 7.281364e-01 7.416723e-03 1.777796e-02 -8.446630e-02 1.442122e-02 1.106281e-01
3.000000e+00 3.900000e+01 4.000000e+01 7.421071e-01 8.563556e-03 1.418122e-02 -1.547535e-01 -4.949963e-02 1.022213e-01
3.000000e+00 4.000000e+01 4.100000e+01 6.905344e-01 7.403559e-03 9.864777e-03 -8.888290e-02 -4.781552e-02 9.963118e-02
3.000000e+00 4.100000e+01 4.200000e+01 6.936430e-01 3.936208e-03 2.022647e-03 -2.421070e-02 8.097323e-02 8.699029e-02
3.000000e+00 4.200000e+01 4.300000e+01 6.887284e-01 2.401095e-03 1.827047e-03 -6.389544e-02 9.029475e-02 5.970202e-02
3.000000e+00 4.300000e+01 4.400000e+01 6.769650e-01 7.177394e-03 9.831350e-03 -1.715784e-01 4.239459e-02 -5.316258e-03
3.000000e+00 4.400000e+01 4.500000e+01 6.629665e-01 5.951338e-03 3.396433e-03 -1.852669e-01 -1.182444e-01 -6.466287e-02
3.000000e+00 4.500000e+01 4.600000e+01 6.528818e-01 1.389412e-04 -1.921906e-03 -9.967191e-02 -1.902317e-01 -1.054504e-01
3.000000e+00 4.600000e+01 4.700000e+01 6.375677e-01 -7.658543e-04 1.659804e-03 -2.438330e-02 -1.129004e-01 -1.252061e-01
3.000000e+00 4.700000e+01 4.800000e+01 6.375928e-01 1.982805e-03 2.235003e-03 -6.571809e-02 5.463506e-02 -1.750941e-01
3.000000e+00 4.800000e+01 4.900000e+01 6.502905e-01 6.424569e-03 9.431814e-03 -2.804999e-01 1.864428e-01 -2.031609e-01
3.000000e+00 4.900000e+01 5.000000e+01 6.061413e-01 6.982464e-03 9.493087e-03 -2.450387e-01 2.196128e-01 -2.170073e-01
3.000000e+00 5.000000e+01 5.100000e+01 5.992836e-01 6.049273e-03 9.240967e-03 -2.768282e-01 5.456301e-02 -2.491424e-01
3.000000e+00 5.100000e+01 5.200000e+01 5.851419e-01 4.840228e-03 7.281730e-03 -2.088051e-01 1.622726e-02 -3.106243e-01
3.000000e+00 5.200000e+01 5.300000e+01 5.689111e-01 4.096095e-03 8.082789e-03 -2.058628e-01 1.262839e-01 -3.307335e-01
3.000000e+00 5.300000e+01 5.400000e+01 5.483417e-01 5.537950e-03 1.078139e-02 -2.824481e-01 9.854238e-02 -3.861993e-01
3.000000e+00 5.400000e+01 5.500000e+01 5.269916e-01 3.241970e-03 1.182632e-02 -1.841636e-01 -1.919341e-02 -4.120124e-01
3.000000e+00 5.500000e+01 5.600000e+01 5.075488e-01 1.611438e-03 1.077389e-02 -1.963483e-01 4.205585e-02 -4.207272e-01
3.000000e+00 5.600000e+01 5.700000e+01 4.834467e-01 4.015093e-03 4.742428e-03 -2.499432e-01 -6.280619e-03 -4.361266e-01
3.000000e+00 5.700000e+01 5.800000e+01 4.638564e-01 4.392859e-03 4.013432e-03 -2.434582e-01 -1.460308e-01 -4.538318e-01
3.000000e+00 5.800000e+01 5.900000e+01 4.392667e-01 2.004489e-03 9.307700e-03 -9.015484e-02 -1.632031e-01 -4.675158e-01
3.000000e+00 5.900000e+01 6.000000e+01 4.219215e-01 -9.727483e-04 7.558385e-03 -2.316601e-02 4.882267e-02 -4.546031e-01
3.000000e+00 6.000000e+01 6.100000e+01 3.976142e-01 -4.995483e-03 7.689705e-03 3.014324e-02 1.045419e-01 -4.408726e-01
3.000000e+00 6.100000e+01 6.200000e+01 3.725244e-01 -2.966102e-03 5.931991e-03 -9.900763e-02 7.741166e-02 -4.619707e-01
3.000000e+00 6.200000e+01 6.300000e+01 3.633488e-01 5.394340e-04 5.968460e-03 -1.939598e-01 2.871861e-02 -5.270500e-01
3.000000e+00 6.300000e+01 6.400000e+01 3.115736e-01 2.727478e-03 7.150546e-03 -2.617005e-01 4.891272e-03 -4.890941e-01
3.000000e+00 6.400000e+01 6.500000e+01 2.991178e-01 -6.733400e-04 9.056467e-03 -2.035027e-01 4.520055e-02 -5.213276e-01
3.000000e+00 6.500000e+01 6.600000e+01 2.756478e-01 -6.915029e-03 1.321350e-02 3.270401e-02 6.073120e-02 -5.318931e-01
3.000000e+00 6.600000e+01 6.700000e+01 2.673391e-01 -7.877296e-03 1.108857e-02 7.442502e-02 -6.812597e-02 -6.219556e-01
3.000000e+00 6.700000e+01 6.800000e+01 2.609553e-01 -8.146243e-03 9.000612e-03 1.056580e-01 -2.198481e-01 -7.044219e-01
3.000000e+00 6.800000e+01 6.900000e+01 2.592880e-01 -7.619311e-03 6.930233e-03 -2.306818e-02 -1.911239e-01 -7.782807e-01
3.000000e+00 6.900000e+01 7.000000e+01 2.577576e-01 -5.524781e-03 7.854757e-03 -8.876769e-02 -4.671208e-02 -9.082783e-01
3.000000e+00 7.000000e+01 7.100000e+01 2.668318e-01 -7.061703e-03 5.843457e-03 -1.026949e-01 2.832940e-04 -9.866877e-01
3.000000e+00 7.100000e+01 7.200000e+01 2.415139e-01 -9.220611e-03 5.213367e-03 -1.204833e-02 -1.289780e-04 -9.437022e-01
3.000000e+00 7.200000e+01 7.300000e+01 2.512876e-01 -1.303958e-02 4.365283e-03 5.389548e-02 1.249076e-02 -1.061001e+00
3.000000e+00 7.300000e+01 7.400000e+01 2.552516e-01 -1.427579e-02 4.526295e-03 5.550496e-02 6.236218e-02 -1.165506e+00
3.000000e+00 7.400000e+01 7.500000e+01 2.389976e-01 -1.204157e-02 3.308314e-03 -1.636565e-02 1.173753e-02 -1.150104e+00
3.000000e+00 7.500000e+01 7.600000e+01 2.486512e-01 -1.126973e-02 3.142630e-03 -9.579615e-02 -4.643593e-02 -1.261433e+00
3.000000e+00 7.600000e+01 7.700000e+01 2.491783e-01 -1.342745e-02 3.700285e-03 -5.378783e-02 -2.310038e-02 -1.353189e+00
3.000000e+00 7.700000e+01 7.800000e+01 2.545452e-01 -1.488540e-02 4.697020e-03 -7.199238e-02 5.176871e-02 -1.466651e+00
3.000000e+00 7.800000e+01 7.900000e+01 2.571338e-01 -1.319217e-02 5.516148e-03 -1.773157e-01 6.612756e-02 -1.557808e+00
3.000000e+00 7.900000e+01 8.000000e+01 2.632727e-01 -1.487907e-02 6.262242e-03 -1.477067e-01 6.462137e-02 -1.699473e+00
3.000000e+00 8.000000e+01 8.100000e+01 2.552340e-01 -1.933211e-02 6.245472e-03 -4.138035e-02 6.615007e-02 -1.736768e+00
3.000000e+00 8.100000e+01 8.200000e+01 2.591580e-01 -2.671201e-02 4.262853e-03 1.301200e-01 3.359142e-02 -1.864568e+00
3.000000e+00 8.200000e+01 8.300000e+01 2.645701e-01 -3.105323e-02 2.476530e-03 1.984700e-01 -1.611318e-03 -2.072583e+00
3.000000e+00 8.300000e+01 8.400000e+01 2.646573e-01 -2.903580e-02 1.447813e-03 9.993775e-02 -9.073747e-02 -2.172516e+00
3.000000e+00 8.400000e+01 8.500000e+01 2.700888e-01 -2.843656e-02 4.421549e-04 -1.207881e-02 -1.364829e-01 -2.278628e+00
3.000000e+00 8.500000e+01 8.600000e+01 2.854794e-01 -2.802634e-02 5.733287e-05 -5.619649e-02 -8.954980e-02 -2.395048e+00
3.000000e+00 8.600000e+01 8.700000e+01 2.986519e-01 -2.670909e-02 8.730366e-05 -1.511339e-01 -4.094006e-02 -2.519010e+00
3.000000e+00 8.700000e+01 8.800000e+01 3.017555e-01 -2.695231e-02 2.325107e-03 -2.704742e-01 1.921602e-02 -2.577727e+00
3.000000e+00 8.800000e+01 8.900000e+01 3.250159e-01 -2.419779e-02 1.636717e-03 -3.114728e-01 2.855721e-02 -2.677222e+00
3.000000e+00 8.900000e+01 9.000000e+01 3.401693e-01 -3.266695e-02 7.953146e-04 -8.838200e-02 6.213056e-02 -2.819861e+00
3.000000e+00 9.000000e+01 9.100000e+01 3.555308e-01 -4.517483e-02 -6.346719e-03 5.020618e-02 1.917332e-01 -2.955320e+00
3.000000e+00 9.100000e+01 9.200000e+01 3.840053e-01 -4.945086e-02 -2.123342e-02 3.444035e-02 1.261347e-01 -3.008768e+00
3.000000e+00 9.200000e+01 9.300000e+01 3.943438e-01 -5.007654e-02 -1.711115e-02 -3.541566e-02 1.032646e-01 -3.157703e+00
3.000000e+00 9.300000e+01 9.400000e+01 4.047540e-01 -4.690868e-02 -2.796335e-02 5.108828e-02 2.642802e-02 -3.204581e+00
3.000000e+00 9.400000e+01 9.500000e+01 4.239484e-01 -4.502356e-02 -1.873546e-02 -2.304213e-02 1.380588e-01 -3.256121e+00
3.000000e+00 9.500000e+01 9.600000e+01 4.349364e-01 -4.898275e-02 -2.118156e-02 -6.460879e-02 2.162482e-01 -3.191221e+00
3.000000e+00 9.600000e+01 9.700000e+01 4.534604e-01 -5.286541e-02 -2.122617e-03 -1.755335e-01 2.457889e-01 -3.176849e+00
3.000000e+00 9.700000e+01 9.800000e+01 4.604110e-01 -4.503206e-02 -4.145333e-03 -3.395206e-01 1.881090e-01 -3.074499e+00
3.000000e+00 9.800000e+01 9.900000e+01 4.692905e-01 -5.735236e-02 -4.614982e-03 -1.462337e-03 -7.728896e-03 -3.012484e+00
3.000000e+00 9.900000e+01 1.000000e+02 4.844732e-01 -6.149473e-02 -7.782159e-05 4.481388e-01 1.678279e-01 -2.832711e+00
3.000000e+00 1.000000e+02 1.010000e+02 5.007368e-01 -7.025333e-02 -8.456913e-04 6.365039e-01 2.021468e-01 -2.615698e+00
3.000000e+00 1.010000e+02 1.020000e+02 5.222403e-01 -5.881675e-02 -4.966333e-03 3.613930e-01 5.678585e-02 -2.542284e+00
3.000000e+00 1.020000e+02 1.030000e+02 5.129326e-01 -4.663605e-02 -2.488421e-03 1.079675e-01 -1.539328e-01 -2.194895e+00
3.000000e+00 1.030000e+02 1.040000e+02 5.310272e-01 -5.044331e-02 8.612221e-03 3.974388e-01 -8.533657e-03 -1.873615e+00
3.000000e+00 1.040000e+02 1.050000e+02 5.518836e-01 -3.489572e-02 1.549259e-02 2.792169e-01 9.938316e-02 -1.685703e+00
3.000000e+00 1.050000e+02 1.060000e+02 5.657727e-01 -3.180802e-02 6.231609e-03 3.070679e-01 1.262427e-01 -1.438754e+00
3.000000e+00 1.060000e+02 1.070000e+02 5.778385e-01 -1.997603e-02 9.958301e-03 2.460276e-01 -8.631974e-03 -1.137378e+00
3.000000e+00 1.070000e+02 1.080000e+02 5.827711e-01 -1.673703e-02 1.029436e-02 1.312819e-01 -9.506522e-02 -8.991570e-01
3.000000e+00 1.080000e+02 1.090000e+02 6.060184e-01 -8.971283e-03 9.230492e-03 -1.170705e-02 3.455701e-02 -7.717472e-01
3.000000e+00 1.090000e+02 1.100000e+02 6.017210e-01 -1.724505e-04 1.338928e-02 -1.632992e-02 -3.195746e-02 -6.579962e-01
3.000000e+00 1.100000e+02 1.110000e+02 6.197662e-01 -9.249689e-03 2.085454e-02 2.446918e-01 -1.872793e-01 -5.116504e-01
3.000000e+00 1.110000e+02 1.120000e+02 6.307549e-01 -2.157203e-02 2.196127e-02 2.397473e-01 -1.019068e-01 -3.856278e-01
3.000000e+00 1.120000e+02 1.130000e+02 6.399809e-01 -1.042071e-02 9.804915e-03 -4.960771e-03 5.428970e-02 -2.682836e-01
3.000000e+00 1.130000e+02 1.140000e+02 6.551172e-01 -3.835485e-04 8.499046e-03 -1.503130e-01 1.353402e-01 -2.069329e-01
3.000000e+00 1.140000e+02 1.150000e+02 6.634431e-01 -3.181616e-03 1.348435e-02 -1.369048e-01 4.298177e-01 -1.343031e-01
3.000000e+00 1.150000e+02 1.160000e+02 6.825264e-01 -1.385485e-02 1.296320e-02 7.547272e-02 3.396550e-01 -7.664470e-02
3.000000e+00 1.160000e+02 1.170000e+02 6.875398e-01 -1.849051e-02 1.660910e-02 1.492591e-01 1.268681e-01 -3.183058e-02
3.000000e+00 1.170000e+02 1.180000e+02 6.915645e-01 -1.390203e-02 1.895828e-02 1.815152e-01 -1.299478e-01 7.725420e-03
3.000000e+00 1.180000e+02 1.190000e+02 6.970269e-01 -1.307177e-02 9.892895e-03 7.231800e-02 -4.622989e-01 2.917073e-02
3.000000e+00 1.190000e+02 1.200000e+02 7.034364e-01 -7.186941e-03 -1.346490e-03 4.243968e-02 -4.494082e-01 1.180524e-01
3.000000e+00 1.200000e+02 1.210000e+02 7.217156e-01 -6.098116e-03 -3.067838e-03 8.699754e-02 -8.274898e-02 1.185903e-01
3.000000e+00 1.210000e+02 1.220000e+02 7.393126e-01 -5.714840e-03 1.354237e-03 -5.601588e-02 2.848965e-01 1.231734e-01
3.000000e+00 1.220000e+02 1.230000e+02 7.395498e-01 -4.164167e-03 1.132272e-02 -1.647092e-02 4.317416e-01 1.469710e-01
3.000000e+00 1.230000e+02 1.240000e+02 7.364801e-01 -2.596079e-03 1.026066e-02 -1.237002e-01 3.807325e-02 1.588376e-01
3.000000e+00 1.240000e+02 1.250000e+02 7.271957e-01 -1.662846e-02 5.642603e-03 4.706593e-01 -3.195851e-01 1.652462e-01
3.000000e+00 1.250000e+02 1.260000e+02 7.300994e-01 -1.290425e-02 2.763091e-03 1.285578e-01 -3.079880e-01 1.880322e-01
3.000000e+00 1.260000e+02 1.270000e+02 7.378726e-01 7.800024e-03 4.049721e-03 -3.792480e-01 -2.871660e-02 1.466837e-01
3.000000e+00 1.270000e+02 1.280000e+02 7.311251e-01 6.420716e-03 1.053945e-02 -1.937705e-01 1.425977e-01 1.983567e-01
3.000000e+00 1.280000e+02 1.290000e+02 7.439864e-01 -1.017075e-02 1.598817e-02 2.263493e-01 3.203840e-01 2.613979e-01
3.000000e+00 1.290000e+02 1.300000e+02 7.400523e-01 -1.712661e-02 1.085513e-02 2.943649e-01 -1.469501e-01 1.725277e-01
3.000000e+00 1.300000e+02 1.310000e+02 7.248591e-01 9.985980e-05 7.320440e-03 -2.084260e-02 -2.306520e-01 1.774656e-01
3.000000e+00 1.310000e+02 1.320000e+02 7.348609e-01 1.058999e-02 7.599204e-03 -1.865166e-01 -7.958656e-02 2.104361e-01
3.000000e+00 1.320000e+02 1.330000e+02 7.389358e-01 1.380553e-02 6.573451e-03 -4.664195e-02 7.159856e-02 2.231628e-01
3.000000e+00 1.330000e+02 1.340000e+02 7.416777e-01 1.702629e-03 1.291346e-02 2.656703e-01 1.492298e-01 2.108170e-01
3.000000e+00 1.340000e+02 1.350000e+02 7.360334e-01 3.691630e-03 1.759414e-02 2.760545e-01 7.983440e-03 2.141333e-01
3.000000e+00 1.350000e+02 1.360000e+02 7.366745e-01 4.885363e-04 1.038646e-02 1.735647e-01 -6.560298e-02 1.968110e-01
3.000000e+00 1.360000e+02 1.370000e+02 7.358621e-01 1.074747e-04 6.044932e-03 1.787722e-02 -1.873914e-02 1.561801e-01
3.000000e+00 1.370000e+02 1.380000e+02 7.411281e-01 -3.867587e-03 4.229255e-03 1.075765e-01 6.169721e-02 1.977102e-01
3.000000e+00 1.380000e+02 1.390000e+02 7.426538e-01 -5.554579e-03 6.140154e-03 9.646759e-02 9.377076e-02 2.080917e-01
3.000000e+00 1.390000e+02 1.400000e+02 7.400572e-01 1.365385e-03 -3.160104e-03 -5.186495e-02 -6.811749e-02 1.664500e-01
3.000000e+00 1.400000e+02 1.410000e+02 7.439881e-01 5.151064e-03 -5.064481e-03 -1.504077e-01 -7.664238e-02 1.839267e-01
3.000000e+00 1.410000e+02 1.420000e+02 7.452486e-01 2.224883e-05 -4.139032e-03 1.165030e-01 -1.201216e-02 1.581371e-01
3.000000e+00 1.420000e+02 1.430000e+02 7.496361e-01 5.372824e-03 1.490526e-04 -1.435382e-01 2.904398e-02 1.679392e-01
3.000000e+00 1.430000e+02 1.440000e+02 7.461959e-01 6.072167e-03 -2.652681e-03 -5.443937e-02 -5.033971e-02 1.191359e-01
3.000000e+00 1.440000e+02 1.450000e+02 7.579640e-01 7.135310e-03 1.611693e-03 -2.079718e-01 3.544497e-02 1.923706e-01
3.000000e+00 1.450000e+02 1.460000e+02 7.556080e-01 3.760313e-03 3.040119e-03 -5.685048e-02 -1.195286e-01 1.953334e-01
3.000000e+00 1.460000e+02 1.470000e+02 7.565168e-01 2.342899e-03 4.934223e-03 -4.430122e-02 -2.453359e-01 1.846705e-01
3.000000e+00 1.470000e+02 1.480000e+02 7.640619e-01 1.822838e-03 2.202768e-03 -7.674234e-03 -8.160588e-02 1.937482e-01
3.000000e+00 1.480000e+02 1.490000e+02 7.675156e-01 9.870295e-03 -4.679875e-03 -3.141618e-01 -1.407701e-01 1.960677e-01
3.000000e+00 1.490000e+02 1.500000e+02 7.757881e-01 9.559638e-03 -5.585188e-03 -2.162980e-01 8.421221e-02 1.649185e-01
3.000000e+00 1.500000e+02 1.510000e+02 7.796241e-01 -4.981152e-05 5.302049e-04 1.385394e-01 -4.019674e-02 2.008441e-01
3.000000e+00 1.510000e+02 1.520000e+02 7.808569e-01 1.461811e-03 -1.878043e-03 -1.640978e-02 -5.610073e-02 2.336846e-01
3.000000e+00 1.520000e+02 1.530000e+02 7.882121e-01 8.592445e-03 -5.399534e-03 -2.431341e-01 -4.277102e-02 2.172011e-01
3.000000e+00 1.530000e+02 1.540000e+02 7.952219e-01 3.359492e-03 -3.249844e-03 -2.678300e-03 6.042927e-02 2.396999e-01
3.000000e+00 1.540000e+02 1.550000e+02 8.121576e-01 2.800833e-03 -6.231103e-03 1.313708e-02 9.177325e-02 2.889037e-01
3.000000e+00 1.550000e+02 1.560000e+02 7.808722e-01 9.361440e-03 -1.962123e-03 -1.757359e-01 -2.577464e-01 2.885081e-01
3.000000e+00 1.560000e+02 1.570000e+02 7.953905e-01 8.529329e-03 -1.325696e-02 -6.381669e-02 -5.347051e-01 3.502139e-01
3.000000e+00 1.570000e+02 1.580000e+02 8.093335e-01 8.193480e-03 -1.185407e-02 -6.705387e-02 -2.485758e-01 4.355616e-01
3.000000e+00 1.580000e+02 1.590000e+02 8.225980e-01 1.312099e-02 -1.056850e-02 -1.928682e-01 -1.224432e-01 4.319223e-01
3.000000e+00 1.590000e+02 1.600000e+02 8.011495e-01 1.351075e-02 -5.817049e-03 -1.871113e-01 1.454824e-01 4.187102e-01
3.000000e+00 1.600000e+02 1.610000e+02 8.225562e-01 8.845390e-03 -3.267913e-03 2.337073e-02 1.013169e-01 4.423706e-01
3.000000e+00 1.610000e+02 1.620000e+02 8.238946e-01 6.885902e-03 -5.992279e-03 2.938263e-02 1.631247e-01 4.169785e-01
3.000000e+00 1.620000e+02 1.630000e+02 8.277490e-01 1.018337e-02 -3.087969e-03 -9.264389e-02 3.626302e-01 4.441033e-01
3.000000e+00 1.630000e+02 1.640000e+02 8.232739e-01 1.210787e-02 -5.269615e-03 -9.028226e-02 4.008831e-01 4.245701e-01
3.000000e+00 1.640000e+02 1.650000e+02 8.338663e-01 6.733465e-03 4.039119e-03 3.134191e-04 2.080804e-01 4.471298e-01
3.000000e+00 1.650000e+02 1.660000e+02 7.966986e-01 4.263376e-03 7.529294e-04 4.015498e-02 -1.870430e-01 4.061657e-01
3.000000e+00 1.660000e+02 1.670000e+02 8.007165e-01 6.213700e-03 -3.167802e-03 3.126715e-02 -3.479956e-01 3.272148e-01
3.000000e+00 1.670000e+02 1.680000e+02 7.956187e-01 5.507006e-03 -2.956245e-03 -3.041630e-02 -2.630216e-01 3.005661e-01
3.000000e+00 1.680000e+02 1.690000e+02 7.760214e-01 5.777814e-03 -2.438738e-03 -9.947732e-02 -1.203653e-01 2.816839e-01
3.000000e+00 1.690000e+02 1.700000e+02 7.815594e-01 3.823156e-03 -4.185374e-03 -8.028034e-02 4.003083e-02 3.220832e-01
3.000000e+00 1.700000e+02 1.710000e+02 7.898828e-01 -3.512588e-03 -6.826301e-03 2.358230e-01 1.511633e-01 2.983282e-01
3.000000e+00 1.710000e+02 1.720000e+02 7.596031e-01 -1.187930e-04 -2.861593e-03 7.765601e-02 3.295702e-01 2.592164e-01
3.000000e+00 1.720000e+02 1.730000e+02 7.649108e-01 5.079331e-03 -3.541163e-03 -1.256481e-01 4.590032e-01 1.878720e-01
3.000000e+00 1.730000e+02 1.740000e+02 7.570973e-01 6.764412e-03 2.674761e-03 -1.702700e-01 1.893486e-01 1.943572e-01
3.000000e+00 1.740000e+02 1.750000e+02 7.402070e-01 2.488195e-03 4.264953e-04 -8.376739e-02 -9.000333e-03 1.917913e-01
3.000000e+00 1.750000e+02 1.760000e+02 7.299107e-01 3.560356e-03 2.443814e-03 -1.086605e-01 -1.148381e-01 1.296488e-01
3.000000e+00 1.760000e+02 1.770000e+02 7.189764e-01 9.615522e-03 8.714540e-04 -2.389421e-01 -1.929461e-01 8.940399e-02
3.000000e+00 1.770000e+02 1.780000e+02 7.089699e-01 6.424548e-03 9.773109e-04 -7.878247e-02 -2.467093e-01 1.190525e-01
3.000000e+00 1.780000e+02 1.790000e+02 6.945962e-01 5.149553e-03 -8.757037e-03 -2.361758e-02 -2.999879e-01 1.169128e-01
3.000000e+00 1.790000e+02 1.800000e+02 6.914450e-01 3.404360e-03 -5.249865e-03 3.278035e-02 -1.157036e-01 8.975634e-02
3.000000e+00 1.800000e+02 1.810000e+02 6.847532e-01 4.969182e-03 -1.683758e-03 -1.228672e-01 4.308733e-02 7.707328e-02
3.000000e+00 1.810000e+02 1.820000e+02 6.771977e-01 4.048262e-04 3.492209e-03 1.531962e-03 1.617765e-01 4.011857e-02
3.000000e+00 1.820000e+02 1.830000e+02 6.688272e-01 4.811559e-04 3.234464e-03 2.693178e-03 1.649613e-01 2.863472e-02
3.000000e+00 1.830000e+02 1.840000e+02 6.542659e-01 -5.635703e-03 -2.099962e-03 4.080071e-02 4.914215e-02 -1.563357e-02
3.000000e+00 1.840000e+02 1.850000e+02 6.451468e-01 -3.791413e-03 5.609765e-03 -2.564638e-03 4.336603e-02 -9.013458e-02
3.000000e+00 1.850000e+02 1.860000e+02 6.368226e-01 -2.655722e-03 7.280257e-03 -8.021770e-02 -2.204899e-02 -9.661468e-02
3.000000e+00 1.860000e+02 1.870000e+02 6.401772e-01 9.996907e-04 1.155742e-02 -6.880212e-02 -1.858576e-01 -1.379475e-01
3.000000e+00 1.870000e+02 1.880000e+02 5.893847e-01 1.037399e-03 8.328514e-03 8.900411e-02 -2.207891e-01 -1.412133e-01
3.000000e+00 1.880000e+02 1.890000e+02 6.191321e-01 -2.295031e-03 2.482691e-03 1.258077e-01 -4.907553e-02 -1.127543e-01
3.000000e+00 1.890000e+02 1.900000e+02 5.938938e-01 6.082233e-03 2.803137e-03 -5.343365e-02 6.883792e-02 -1.241905e-01
3.000000e+00 1.900000e+02 1.910000e+02 5.939758e-01 -1.746774e-03 8.019394e-03 -2.813435e-02 1.711145e-01 -1.500338e-01
3.000000e+00 1.910000e+02 1.920000e+02 5.813432e-01 -4.060259e-04 1.401620e-02 5.875778e-03 2.601822e-01 -1.168580e-01
3.000000e+00 1.920000e+02 1.930000e+02 5.632763e-01 -2.267274e-03 1.015571e-02 1.634722e-01 2.730030e-02 -1.195113e-01
3.000000e+00 1.930000e+02 1.940000e+02 5.562315e-01 -3.830574e-03 7.414693e-03 2.390251e-01 -1.628199e-01 -1.201364e-01
3.000000e+00 1.940000e+02 1.950000e+02 5.524648e-01 -2.197436e-03 2.986994e-03 2.084149e-01 -1.416627e-01 -1.556973e-01
3.000000e+00 1.950000e+02 1.960000e+02 5.481458e-01 1.333888e-03 4.333458e-03 -4.826667e-02 -1.351608e-01 -9.471470e-02
3.000000e+00 1.960000e+02 1.970000e+02 5.473780e-01 1.911700e-03 7.190453e-03 -1.442149e-02 -1.334225e-01 -7.447359e-02
3.000000e+00 1.970000e+02 1.980000e+02 5.547072e-01 -8.306012e-05 2.495514e-03 9.220016e-02 9.532442e-02 -7.432302e-02
3.000000e+00 1.980000e+02 1.990000e+02 5.512809e-01 -9.715772e-03 2.500804e-03 3.630961e-01 3.563480e-02 2.177313e-02
3.000000e+00 1.990000e+02 2.000000e+02 5.543589e-01 -1.115070e-02 5.439339e-04 3.006899e-01 -7.150507e-05 1.283195e-01
3.000000e+00 2.000000e+02 2.010000e+02 5.592819e-01 -2.111223e-03 3.432220e-03 1.449513e-01 3.160129e-02 1.067707e-01
3.000000e+00 2.010000e+02 2.020000e+02 5.651623e-01 6.308292e-03 4.902981e-03 -1.624602e-01 5.061881e-02 2.130708e-01
3.000000e+00 2.020000e+02 2.030000e+02 5.610297e-01 3.755467e-03 1.837727e-03 -6.956541e-03 -3.052272e-02 3.244847e-01
3.000000e+00 2.030000e+02 2.040000e+02 5.730456e-01 5.032033e-03 5.376550e-03 9.253281e-02 2.674083e-02 3.952365e-01
3.000000e+00 2.040000e+02 2.050000e+02 5.928290e-01 9.324956e-03 3.195734e-03 1.083992e-02 3.438418e-02 4.859229e-01
3.000000e+00 2.050000e+02 2.060000e+02 5.768912e-01 4.285169e-03 3.525985e-03 7.725823e-03 3.394279e-02 4.737262e-01
3.000000e+00 2.060000e+02 2.070000e+02 5.829681e-01 8.167950e-03 7.182706e-03 -1.799700e-01 8.015711e-02 5.378179e-01
3.000000e+00 2.070000e+02 2.080000e+02 6.138147e-01 1.025187e-02 2.283354e-03 -4.556787e-02 2.903748e-03 5.939462e-01
3.000000e+00 2.080000e+02 2.090000e+02 5.889022e-01 1.583841e-02 -1.509256e-03 -2.076447e-01 -1.459003e-01 5.726948e-01
3.000000e+00 2.090000e+02 2.100000e+02 6.283196e-01 1.583217e-02 -6.741004e-03 -1.718903e-01 -1.366816e-01 5.846486e-01
3.000000e+00 2.100000e+02 2.110000e+02 6.221444e-01 1.309583e-02 -3.142032e-03 -1.912801e-01 -7.194075e-02 6.556572e-01
3.000000e+00 2.110000e+02 2.120000e+02 6.351269e-01 9.932144e-03 -4.529437e-03 -5.808679e-02 -1.069271e-01 6.189050e-01
3.000000e+00 2.120000e+02 2.130000e+02 6.435595e-01 1.656958e-02 -1.304664e-02 -9.774329e-02 -2.092953e-02 5.973441e-01
3.000000e+00 2.130000e+02 2.140000e+02 6.639734e-01 1.206336e-02 -8.079951e-03 -3.618997e-02 -5.572985e-02 6.254427e-01
3.000000e+00 2.140000e+02 2.150000e+02 6.771343e-01 1.249244e-02 -1.201394e-02 -1.402870e-01 -9.026780e-03 6.329366e-01
3.000000e+00 2.150000e+02 2.160000e+02 7.006648e-01 1.223057e-02 -1.218525e-02 6.635891e-02 2.885224e-01 6.419176e-01
3.000000e+00 2.160000e+02 2.170000e+02 7.097950e-01 5.918264e-03 -1.241835e-02 2.573737e-01 3.826338e-01 6.460517e-01
3.000000e+00 2.170000e+02 2.180000e+02 7.239667e-01 6.928862e-03 -3.018282e-03 1.270656e-01 2.033134e-01 6.674411e-01
3.000000e+00 2.180000e+02 2.190000e+02 7.365007e-01 1.008059e-02 -7.038270e-03 4.393179e-02 1.581464e-01 6.160414e-01
3.000000e+00 2.190000e+02 2.200000e+02 7.545475e-01 4.961014e-03 -2.755519e-02 4.035736e-01 8.826752e-02 5.348460e-01
3.000000e+00 2.200000e+02 2.210000e+02 7.558005e-01 -2.459105e-03 -2.674403e-02 3.923362e-01 6.686384e-02 5.469635e-01
3.000000e+00 2.210000e+02 2.220000e+02 7.824016e-01 -3.564337e-03 -2.312864e-02 5.380348e-01 3.766193e-01 4.144195e-01
3.000000e+00 2.220000e+02 2.230000e+02 7.784364e-01 -1.624493e-03 -3.302322e-03 3.902399e-01 8.655829e-02 4.365512e-01
3.000000e+00 2.230000e+02 2.240000e+02 7.809138e-01 7.856933e-03 5.829174e-04 9.622648e-02 -6.415955e-02 4.492916e-01
3.000000e+00 2.240000e+02 2.250000e+02 7.741520e-01 1.124418e-03 -4.827143e-03 1.805208e-01 -4.642158e-01 4.632077e-01
3.000000e+00 2.250000e+02 2.260000e+02 7.855951e-01 5.397192e-03 -2.388022e-04 2.697547e-01 -4.153504e-01 4.397794e-01
3.000000e+00 2.260000e+02 2.270000e+02 7.794409e-01 1.352323e-02 3.885710e-03 -1.308544e-01 -3.450992e-02 3.409088e-01
3.000000e+00 2.270000e+02 2.280000e+02 7.693378e-01 2.868029e-02 -9.420679e-03 -4.297442e-01 5.522384e-02 3.062741e-01
3.000000e+00 2.280000e+02 2.290000e+02 7.635811e-01 2.719230e-02 8.768969e-03 -3.346659e-01 -6.165744e-02 2.684129e-01
3.000000e+00 2.290000e+02 2.300000e+02 7.523783e-01 1.685382e-02 6.963100e-03 -3.910009e-02 -1.989545e-01 2.730421e-01
3.000000e+00 2.300000e+02 2.310000e+02 7.555721e-01 1.891993e-02 1.963087e-02 -1.556987e-01 -2.041937e-01 2.734885e-01
3.000000e+00 2.310000e+02 2.320000e+02 7.243402e-01 1.807395e-02 1.773854e-02 -1.708869e-01 -1.039581e-01 2.273022e-01
3.000000e+00 2.320000e+02 2.330000e+02 7.363765e-01 1.610381e-02 2.037406e-02 -4.828982e-02 1.280655e-01 2.607866e-01
3.000000e+00 2.330000e+02 2.340000e+02 7.378599e-01 7.683865e-03 1.504044e-02 8.148741e-02 1.876984e-01 2.709711e-01
3.000000e+00 2.340000e+02 2.350000e+02 7.050851e-01 1.244471e-02 1.944319e-02 -1.084749e-02 1.543082e-01 2.170499e-01
3.000000e+00 2.350000e+02 2.360000e+02 7.241402e-01 1.192757e-02 2.145971e-02 -6.097570e-02 8.513063e-02 2.373320e-01
3.000000e+00 2.360000e+02 2.370000e+02 6.704035e-01 1.404514e-02 1.801941e-02 -7.780826e-02 -9.309389e-02 2.185524e-01
3.000000e+00 2.370000e+02 2.380000e+02 6.778110e-01 7.600964e-03 1.187716e-02 6.745996e-02 -5.612579e-02 1.738583e-01
3.000000e+00 2.380000e+02 2.390000e+02 6.736486e-01 4.435210e-03 1.113352e-02 1.253336e-01 5.224726e-02 1.283571e-01
3.000000e+00 2.390000e+02 2.400000e+02 6.627078e-01 4.633587e-03 1.370875e-02 1.210660e-01 -2.846353e-04 1.044587e-01
3.000000e+00 2.400000e+02 2.410000e+02 6.549869e-01 9.788945e-03 1.193815e-02 -7.338065e-02 4.892869e-02 1.219590e-01
3.000000e+00 2.410000e+02 2.420000e+02 6.463217e-01 1.025811e-02 1.276720e-02 7.620007e-02 -1.861488e-02 1.247552e-01
3.000000e+00 2.420000e+02 2.430000e+02 6.325286e-01 1.147417e-02 1.587250e-02 -6.653930e-03 -1.396663e-01 1.695952e-01
3.000000e+00 2.430000e+02 2.440000e+02 6.179014e-01 9.626542e-03 1.580565e-02 1.472503e-01 -4.012864e-02 1.907829e-01
3.000000e+00 2.440000e+02 2.450000e+02 6.169325e-01 7.670200e-03 1.500391e-02 1.484250e-01 -3.746411e-02 1.910957e-01
3.000000e+00 2.450000e+02 2.460000e+02 6.060839e-01 6.991565e-03 7.615666e-03 1.762313e-01 1.161788e-02 1.993047e-01
3.000000e+00 2.460000e+02 2.470000e+02 6.004086e-01 3.738461e-03 -3.300110e-04 1.007682e-01 2.365257e-03 2.180470e-01
3.000000e+00 2.470000e+02 2.480000e+02 5.900945e-01 3.944255e-03 1.072486e-04 6.859263e-02 -1.480200e-02 2.043001e-01
3.000000e+00 2.480000e+02 2.490000e+02 5.861322e-01 4.434486e-03 3.655716e-04 5.573004e-02 1.109206e-02 2.199931e-01
3.000000e+00 2.490000e+02 2.500000e+02 5.798317e-01 2.665145e-03 -1.451377e-04 1.110472e-01 -3.236594e-02 2.188244e-01
3.000000e+00 2.500000e+02 2.510000e+02 5.783042e-01 5.635982e-03 -1.115907e-03 -4.522472e-03 -8.791397e-02 2.556738e-01
3.000000e+00 2.510000e+02 2.520000e+02 5.798091e-01 3.520908e-03 -1.163347e-04 1.345247e-01 -9.176867e-02 2.768571e-01
3.000000e+00 2.520000e+02 2.530000e+02 5.760529e-01 5.749746e-03 1.030093e-02 -1.125292e-01 -1.693720e-01 3.205851e-01
3.000000e+00 2.530000e+02 2.540000e+02 5.643948e-01 9.514632e-03 9.822693e-03 -1.605266e-01 -3.013848e-01 3.719961e-01
3.000000e+00 2.540000e+02 2.550000e+02 5.772077e-01 1.189087e-02 7.272130e-03 -2.771848e-01 -3.113294e-01 4.082647e-01
3.000000e+00 2.550000e+02 2.560000e+02 5.691030e-01 1.286552e-02 2.441192e-03 -2.506781e-01 -2.708696e-01 4.270780e-01
3.000000e+00 2.560000e+02 2.570000e+02 5.778645e-01 9.071742e-03 6.699266e-04 -1.327977e-01 -2.220664e-01 4.438602e-01
3.000000e+00 2.570000e+02 2.580000e+02 5.886413e-01 1.230068e-02 -4.114243e-04 -2.273809e-01 1.210722e-01 3.883642e-01
3.000000e+00 2.580000e+02 2.590000e+02 6.030001e-01 1.034520e-02 8.300698e-03 -3.338618e-01 2.884683e-01 3.988785e-01
3.000000e+00 2.590000e+02 2.600000e+02 6.136445e-01 5.592499e-03 3.247369e-03 -3.138409e-01 3.607037e-01 4.281988e-01
3.000000e+00 2.600000e+02 2.610000e+02 6.244349e-01 8.283593e-03 4.555369e-03 -3.247296e-01 3.535606e-01 4.284490e-01
3.000000e+00 2.610000e+02 2.620000e+02 6.316888e-01 7.287198e-04 1.791555e-03 -1.210547e-01 1.950890e-01 4.367881e-01
3.000000e+00 2.620000e+02 2.630000e+02 6.312702e-01 5.434044e-03 1.332531e-03 -2.274137e-01 -1.057981e-01 4.667928e-01
3.000000e+00 2.630000e+02 2.640000e+02 6.459579e-01 7.539503e-03 -9.189815e-04 -1.839246e-01 -1.540506e-01 4.321809e-01
3.000000e+00 2.640000e+02 2.650000e+02 6.567744e-01 7.555531e-03 -2.642968e-03 -1.242325e-01 -1.573790e-01 4.402497e-01
3.000000e+00 2.650000e+02 2.660000e+02 6.783415e-01 2.200072e-06 -8.901598e-03 -8.139115e-02 -8.366310e-02 4.538740e-01
3.000000e+00 2.660000e+02 2.670000e+02 6.939395e-01 3.056041e-03 -7.308917e-03 -1.505541e-01 3.426217e-02 4.610943e-01
3.000000e+00 2.670000e+02 2.680000e+02 7.074320e-01 7.406636e-03 -2.757206e-03 -3.045194e-01 7.637041e-02 4.737879e-01
3.000000e+00 2.680000e+02 2.690000e+02 7.230675e-01 5.612387e-03 4.065637e-03 1.650041e-02 1.413638e-01 5.142067e-01
3.000000e+00 2.690000e+02 2.700000e+02 7.335797e-01 2.273377e-03 2.692851e-03 4.057282e-02 9.897112e-02 5.426594e-01
3.000000e+00 2.700000e+02 2.710000e+02 7.431889e-01 6.835174e-03 -9.096992e-03 -1.338214e-02 -1.057314e-02 5.487995e-01
3.000000e+00 2.710000e+02 2.720000e+02 7.503263e-01 1.385376e-02 -4.269156e-03 -2.424918e-01 4.717026e-03 5.757863e-01
3.000000e+00 2.720000e+02 2.730000e+02 7.669028e-01 8.325651e-03 -1.016247e-02 1.741537e-02 -6.415898e-02 5.769975e-01
3.000000e+00 2.730000e+02 2.740000e+02 7.820021e-01 7.016621e-03 -7.890778e-03 -6.304175e-02 -1.698983e-02 5.100938e-01
3.000000e+00 2.740000e+02 2.750000e+02 7.963023e-01 2.571909e-03 -1.214942e-02 2.952373e-02 6.999725e-02 3.868602e-01
3.000000e+00 2.750000e+02 2.760000e+02 8.082040e-01 -3.301844e-04 -7.318382e-03 6.580505e-02 4.841680e-02 2.717229e-01
3.000000e+00 2.760000e+02 2.770000e+02 8.377584e-01 -6.232156e-03 -1.681867e-02 2.410506e-01 -1.032726e-02 2.613252e-01
3.000000e+00 2.770000e+02 2.780000e+02 8.083907e-01 -9.694497e-03 -1.104776e-02 3.250221e-01 -1.133881e-02 2.279362e-01
3.000000e+00 2.780000e+02 2.790000e+02 8.537553e-01 -1.405267e-02 -1.054397e-02 4.622862e-01 1.134667e-01 2.544843e-01
3.000000e+00 2.790000e+02 2.800000e+02 8.597104e-01 -9.556149e-03 -1.052415e-02 3.392428e-01 1.287055e-01 2.477704e-01
3.000000e+00 2.800000e+02 2.810000e+02 8.511479e-01 -1.330791e-02 -8.472037e-03 3.404376e-01 1.300151e-01 2.445588e-01
3.000000e+00 2.810000e+02 2.820000e+02 8.662039e-01 -3.549357e-03 -5.980995e-03 2.700481e-02 5.787945e-02 2.532671e-01
3.000000e+00 2.820000e+02 2.830000e+02 8.645591e-01 -1.344891e-03 -4.200600e-03 -3.248130e-02 -1.038713e-01 2.362200e-01
3.000000e+00 2.830000e+02 2.840000e+02 8.943311e-01 7.444135e-03 -6.333499e-03 -3.176001e-01 -6.927654e-02 2.818661e-01
3.000000e+00 2.840000e+02 2.850000e+02 8.696877e-01 8.988973e-03 -5.286476e-03 -3.003276e-01 5.844171e-03 2.327692e-01
3.000000e+00 2.850000e+02 2.860000e+02 8.924133e-01 2.492761e-03 -4.138982e-03 -4.196459e-02 2.875083e-01 2.354547e-01
3.000000e+00 2.860000e+02 2.870000e+02 9.014871e-01 4.753018e-03 -4.806151e-03 -1.366075e-01 3.472866e-01 2.904830e-01
3.000000e+00 2.870000e+02 2.880000e+02 9.046281e-01 1.667492e-03 -2.427333e-04 3.418304e-02 3.781424e-01 2.772433e-01
3.000000e+00 2.880000e+02 2.890000e+02 9.014459e-01 1.191427e-03 3.959916e-03 1.730565e-01 1.699265e-01 3.562921e-01
3.000000e+00 2.890000e+02 2.900000e+02 9.040364e-01 -5.617880e-03 4.662330e-03 3.346003e-01 -1.136977e-01 3.500173e-01
3.000000e+00 2.900000e+02 2.910000e+02 8.961754e-01 -3.804984e-03 1.014290e-02 6.342445e-01 -3.904197e-01 3.847552e-01
3.000000e+00 2.910000e+02 2.920000e+02 9.178769e-01 -3.794841e-03 7.030303e-03 3.521996e-01 -5.065642e-01 4.093581e-01
3.000000e+00 2.920000e+02 2.930000e+02 8.962635e-01 5.175331e-03 2.593423e-03 1.766183e-01 -1.891193e-01 4.463889e-01
3.000000e+00 2.930000e+02 2.940000e+02 9.224598e-01 2.168726e-03 4.970227e-03 1.720608e-01 1.421024e-01 4.657679e-01
3.000000e+00 2.940000e+02 2.950000e+02 9.282299e-01 3.647290e-04 4.935675e-03 2.891210e-01 2.185771e-01 4.790239e-01
3.000000e+00 2.950000e+02 2.960000e+02 9.258459e-01 1.120601e-03 1.886325e-04 2.644966e-01 -9.397024e-02 4.299701e-01
3.000000e+00 2.960000e+02 2.970000e+02 9.270381e-01 1.265839e-03 -4.122834e-03 1.597649e-01 -2.832209e-01 3.748771e-01
3.000000e+00 2.970000e+02 2.980000e+02 9.290263e-01 5.476489e-03 -3.550781e-03 -4.333795e-02 -1.861254e-01 3.088423e-01
3.000000e+00 2.980000e+02 2.990000e+02 9.405893e-01 -1.448949e-03 -1.712998e-03 1.524250e-01 1.689403e-01 2.628620e-01
3.000000e+00 2.990000e+02 3.000000e+02 9.411468e-01 -5.584627e-03 1.035359e-03 1.968645e-01 2.202034e-01 1.993254e-01
3.000000e+00 3.000000e+02 3.010000e+02 9.608106e-01 -7.237109e-03 3.607412e-03 1.856593e-01 1.341323e-01 1.124633e-01
3.000000e+00 3.010000e+02 3.020000e+02 9.241681e-01 -5.324661e-03 6.657766e-04 1.982266e-01 1.563193e-01 4.304242e-02
3.000000e+00 3.020000e+02 3.030000e+02 9.437431e-01 -2.691450e-03 3.125848e-03 -4.826815e-03 8.652517e-02 2.418277e-02
3.000000e+00 3.030000e+02 3.040000e+02 9.451149e-01 -1.773295e-03 3.101383e-03 -6.996656e-02 5.968395e-02 -1.120336e-02
3.000000e+00 3.040000e+02 3.050000e+02 9.508796e-01 -2.742943e-03 4.896764e-03 -9.677032e-02 -9.166108e-02 -4.140345e-02
3.000000e+00 3.050000e+02 3.060000e+02 9.663131e-01 -2.815734e-03 1.513862e-03 -2.257765e-01 -1.102835e-01 -1.077602e-01
3.000000e+00 3.060000e+02 3.070000e+02 9.240907e-01 -4.294650e-03 -1.861131e-04 -2.057681e-01 -6.134123e-02 -1.520216e-01
3.000000e+00 3.070000e+02 3.080000e+02 9.363108e-01 -2.940000e-03 1.152347e-03 -2.613752e-01 2.896799e-02 -1.566513e-01
3.000000e+00 3.080000e+02 3.090000e+02 9.538438e-01 -6.518493e-03 -5.033086e-05 -1.189373e-01 5.643359e-02 -1.981332e-01
3.000000e+00 3.090000e+02 3.100000e+02 9.399495e-01 -7.750857e-03 3.737334e-03 -5.577137e-02 6.742398e-02 -1.937746e-01
3.000000e+00 3.100000e+02 3.110000e+02 9.309219e-01 -8.070022e-03 9.674254e-04 -7.841101e-02 2.034971e-01 -2.014032e-01
3.000000e+00 3.110000e+02 3.120000e+02 9.335877e-01 -1.412519e-02 4.719522e-03 2.029296e-01 1.008888e-01 -2.320415e-01
3.000000e+00 3.120000e+02 3.130000e+02 9.170412e-01 -1.168541e-02 7.851614e-03 -6.611156e-02 -2.726617e-01 -2.439763e-01
3.000000e+00 3.130000e+02 3.140000e+02 9.124008e-01 -2.157052e-03 3.119109e-03 -2.910495e-01 -5.862875e-01 -2.767173e-01
3.000000e+00 3.140000e+02 3.150000e+02 9.204201e-01 -6.058068e-03 -4.635149e-03 -1.369313e-01 -2.859818e-01 -2.707965e-01
3.000000e+00 3.150000e+02 3.160000e+02 9.354497e-01 -7.721783e-03 -4.647329e-04 -1.811827e-01 3.385928e-01 -2.894059e-01
3.000000e+00 3.160000e+02 3.170000e+02 9.091761e-01 -3.068289e-03 4.864795e-03 -1.734526e-01 3.272977e-01 -2.804231e-01
3.000000e+00 3.170000e+02 3.180000e+02 9.328898e-01 -6.281976e-03 5.488708e-03 -1.010636e-01 1.403460e-01 -2.818938e-01
3.000000e+00 3.180000e+02 3.190000e+02 8.911887e-01 -8.579130e-03 3.125339e-03 7.422490e-03 2.598868e-02 -2.635077e-01
3.000000e+00 3.190000e+02 3.200000e+02 9.065789e-01 -1.260510e-02 2.913293e-03 1.065662e-01 2.118540e-02 -2.524715e-01
3.000000e+00 3.200000e+02 3.210000e+02 9.170141e-01 -1.576070e-02 4.255875e-03 2.076350e-01 -1.048308e-01 -2.465169e-01
3.000000e+00 3.210000e+02 3.220000e+02 8.972962e-01 -2.152942e-02 1.983144e-03 1.839459e-01 -1.547092e-01 -2.880407e-01
3.000000e+00 3.220000e+02 3.230000e+02 8.838477e-01 -2.947333e-02 -2.311807e-03 1.439662e-01 -1.504155e-01 -3.221284e-01
3.000000e+00 3.230000e+02 3.240000e+02 8.961990e-01 -3.143726e-02 -9.121805e-03 -2.269601e-02 -3.095530e-02 -3.157878e-01
3.000000e+00 3.240000e+02 3.250000e+02 9.004217e-01 -2.575726e-02 -6.014705e-03 -1.287771e-01 6.956396e-03 -3.220523e-01
3.000000e+00 3.250000e+02 3.260000e+02 9.054316e-01 -2.743037e-02 -5.969333e-03 -1.228056e-02 3.048613e-02 -4.038751e-01
3.000000e+00 3.260000e+02 3.270000e+02 8.975122e-01 -2.537483e-02 -6.073610e-03 -1.508540e-01 -8.513273e-02 -4.299961e-01
3.000000e+00 3.270000e+02 3.280000e+02 9.049828e-01 -1.790247e-02 -3.626809e-03 -2.905273e-01 -2.417622e-01 -4.730908e-01
3.000000e+00 3.280000e+02 3.290000e+02 9.028706e-01 -2.208827e-02 -6.876757e-03 -1.447485e-01 -3.360178e-01 -4.703735e-01
3.000000e+00 3.290000e+02 3.300000e+02 9.206092e-01 -2.091087e-02 -7.881980e-03 -2.128832e-02 -9.963512e-02 -4.924791e-01
3.000000e+00 3.300000e+02 3.310000e+02 9.172666e-01 -2.672929e-02 -5.344518e-03 -1.052863e-01 4.551173e-01 -4.793813e-01
3.000000e+00 3.310000e+02 3.320000e+02 9.339801e-01 -2.061238e-02 7.023598e-03 -3.828356e-01 6.496319e-01 -5.028330e-01
3.000000e+00 3.320000e+02 3.330000e+02 9.318329e-01 -2.858903e-02 1.107410e-02 1.528596e-02 3.911322e-01 -5.424329e-01
3.000000e+00 3.330000e+02 3.340000e+02 9.362578e-01 -2.160908e-02 4.068860e-03 -2.821690e-01 6.392676e-02 -5.148875e-01
3.000000e+00 3.340000e+02 3.350000e+02 9.426908e-01 -2.364200e-02 2.709175e-03 8.014100e-02 -1.264686e-01 -5.909923e-01
3.000000e+00 3.350000e+02 3.360000e+02 9.569072e-01 -3.309939e-02 7.068560e-03 2.834086e-01 -2.619901e-01 -4.882927e-01
3.000000e+00 3.360000e+02 3.370000e+02 9.165218e-01 -2.449618e-02 1.316785e-03 1.181637e-02 -5.448830e-01 -5.155948e-01
3.000000e+00 3.370000e+02 3.380000e+02 9.281919e-01 -2.668555e-02 1.543451e-04 2.312969e-01 -2.443686e-01 -5.590221e-01
3.000000e+00 3.380000e+02 3.390000e+02 9.709642e-01 -2.824138e-02 7.932214e-03 1.115466e-01 2.387515e-01 -5.209430e-01
3.000000e+00 3.390000e+02 3.400000e+02 9.305596e-01 -3.325516e-02 1.333416e-02 2.062582e-01 2.882614e-01 -5.023828e-01
3.000000e+00 3.400000e+02 3.410000e+02 9.204358e-01 -3.163496e-02 1.030247e-02 5.264910e-02 1.050700e-03 -4.652644e-01
3.000000e+00 3.410000e+02 3.420000e+02 9.258785e-01 -2.424916e-02 1.040895e-02 5.290870e-02 4.257180e-04 -4.679228e-01
3.000000e+00 3.420000e+02 3.430000e+02 9.278165e-01 -1.679563e-02 1.047958e-02 5.472850e-02 1.889761e-03 -4.679819e-01
3.000000e+00 3.430000e+02 3.440000e+02 9.167424e-01 -2.814070e-02 1.087134e-02 2.385879e-01 2.347275e-01 -3.641749e-01
3.000000e+00 3.440000e+02 3.450000e+02 9.044262e-01 -1.698336e-02 9.106420e-03 1.373927e-02 2.217941e-01 -3.427863e-01
3.000000e+00 3.450000e+02 3.460000e+02 8.969328e-01 -1.014442e-02 8.566918e-03 -9.801971e-02 1.202867e-01 -2.987765e-01
3.000000e+00 3.460000e+02 3.470000e+02 8.799224e-01 -5.977712e-03 1.352190e-02 -4.514335e-02 -1.676632e-01 -3.143343e-01
3.000000e+00 3.470000e+02 3.480000e+02 8.939745e-01 -1.138436e-02 1.380304e-02 2.830568e-02 -2.577882e-01 -2.659846e-01
3.000000e+00 3.480000e+02 3.490000e+02 8.493599e-01 -5.774995e-03 7.637009e-03 -1.082042e-02 -3.308183e-01 -2.055531e-01
3.000000e+00 3.490000e+02 3.500000e+02 8.445342e-01 -1.927657e-03 4.638114e-03 -1.764672e-01 -5.795967e-02 -2.277095e-01
3.000000e+00 3.500000e+02 3.510000e+02 8.506069e-01 1.212025e-03 9.469020e-03 -4.024088e-03 3.440115e-01 -1.807427e-01
3.000000e+00 3.510000e+02 3.520000e+02 8.456615e-01 -8.655467e-03 1.360911e-02 1.713086e-01 4.689139e-01 -1.551281e-01
3.000000e+00 3.520000e+02 3.530000e+02 8.320650e-01 -8.510783e-03 1.641688e-02 2.385241e-01 1.849016e-01 -1.811126e-01
3.000000e+00 3.530000e+02 3.540000e+02 8.185758e-01 -7.828120e-03 1.584087e-02 3.298018e-01 -1.137297e-01 -1.889124e-01
3.000000e+00 3.540000e+02 3.550000e+02 8.079399e-01 -3.593682e-03 1.319076e-02 6.875935e-02 -2.505720e-01 -1.570245e-01
3.000000e+00 3.550000e+02 3.560000e+02 7.945098e-01 2.485307e-03 1.486075e-02 -1.238928e-01 -3.736529e-01 -1.380030e-01
3.000000e+00 3.560000e+02 3.570000e+02 7.862655e-01 5.551378e-03 9.834237e-03 -1.376839e-01 -4.957157e-01 -1.479551e-01
3.000000e+00 3.570000e+02 3.580000e+02 7.956543e-01 -8.222153e-04 -8.209218e-05 2.382511e-01 -2.238308e-01 -1.630102e-01
3.000000e+00 3.580000e+02 3.590000e+02 7.652954e-01 1.624887e-04 -7.138783e-04 -6.940127e-02 4.501757e-01 -1.637673e-01
3.000000e+00 3.590000e+02 3.600000e+02 7.844513e-01 1.656455e-02 1.188836e-02 -4.708165e-01 8.270672e-01 -2.092422e-01
3.000000e+00 3.600000e+02 3.610000e+02 7.687447e-01 1.305096e-02 1.727971e-02 -4.889887e-01 4.723904e-01 -2.022389e-01
3.000000e+00 3.610000e+02 3.620000e+02 7.505829e-01 4.329698e-03 1.308704e-02 -5.118412e-02 -9.294444e-02 -1.452160e-01
3.000000e+00 3.620000e+02 3.630000e+02 7.393136e-01 -6.230139e-03 6.093216e-03 1.930939e-01 -3.265908e-01 -1.647503e-01
3.000000e+00 3.630000e+02 3.640000e+02 7.345889e-01 -4.564324e-03 2.775302e-03 4.824126e-02 -1.247993e-01 -1.701092e-01
3.000000e+00 3.640000e+02 3.650000e+02 7.258675e-01 5.014566e-03 9.000520e-03 -3.299015e-02 6.925507e-02 -1.720323e-01
3.000000e+00 3.650000e+02 3.660000e+02 7.160702e-01 6.656960e-03 1.321623e-02 -6.027615e-02 1.054789e-01 -1.797435e-01
3.000000e+00 3.660000e+02 3.670000e+02 7.016790e-01 9.668773e-03 1.365126e-02 7.449018e-04 2.236389e-02 -1.664143e-01
3.000000e+00 3.670000e+02 3.680000e+02 7.017630e-01 -1.928883e-03 9.735310e-03 8.636754e-02 -6.903768e-02 -1.985750e-01
3.000000e+00 3.680000e+02 3.690000e+02 6.866712e-01 2.928388e-04 8.001078e-03 3.821518e-02 -1.363435e-01 -2.575414e-01
3.000000e+00 3.690000e+02 3.700000e+02 6.746968e-01 -1.434181e-03 6.741275e-03 -2.522774e-02 -1.167273e-01 -2.838940e-01
3.000000e+00 3.700000e+02 3.710000e+02 6.677654e-01 1.032961e-03 4.962309e-03 -1.755256e-02 -1.082135e-01 -3.117337e-01
3.000000e+00 3.710000e+02 3.720000e+02 6.595834e-01 8.642576e-04 4.787272e-04 -4.051998e-02 -1.446302e-01 -3.361911e-01
3.000000e+00 3.720000e+02 3.730000e+02 6.579300e-01 -1.113899e-03 -1.189424e-03 5.282313e-02 -2.258881e-01 -3.850382e-01
3.000000e+00 3.730000e+02 3.740000e+02 6.560522e-01 -1.310643e-03 -3.335608e-03 7.679811e-02 -2.176375e-01 -4.215078e-01
3.000000e+00 3.740000e+02 3.750000e+02 6.665734e-01 9.459665e-04 -4.109576e-03 -1.292737e-01 -8.596382e-02 -4.188221e-01
3.000000e+00 3.750000e+02 3.760000e+02 6.682872e-01 6.359470e-03 -4.906051e-03 -2.858164e-01 2.100623e-02 -4.228401e-01
3.000000e+00 3.760000e+02 3.770000e+02 6.776405e-01 2.823521e-03 -5.860538e-04 -2.361295e-01 2.892133e-02 -4.126275e-01
3.000000e+00 3.770000e+02 3.780000e+02 6.826486e-01 -2.364810e-03 1.297568e-04 -5.068742e-02 -3.253363e-02 -4.057339e-01
3.000000e+00 3.780000e+02 3.790000e+02 6.889546e-01 -2.157023e-03 -1.168633e-03 -8.974593e-02 -1.566768e-01 -4.395791e-01
3.000000e+00 3.790000e+02 3.800000e+02 6.920157e-01 3.541706e-03 -2.214776e-03 -2.187702e-01 -2.262160e-01 -4.720324e-01
3.000000e+00 3.800000e+02 3.810000e+02 6.987903e-01 3.689956e-03 -9.507209e-03 -1.518366e-01 -1.615728e-01 -4.767053e-01
3.000000e+00 3.810000e+02 3.820000e+02 7.056390e-01 3.812254e-03 -9.189932e-03 -1.281084e-01 -9.851495e-02 -4.499150e-01
3.000000e+00 3.820000e+02 3.830000e+02 7.170047e-01 -2.510518e-03 -2.947519e-03 -6.149185e-02 -1.357549e-01 -4.653096e-01
3.000000e+00 3.830000e+02 3.840000e+02 7.298431e-01 -1.777983e-03 -3.674043e-03 -1.182829e-01 -5.694559e-02 -4.535734e-01
3.000000e+00 3.840000e+02 3.850000e+02 7.339024e-01 -8.342806e-03 -6.836489e-03 1.619272e-01 -1.042231e-01 -4.563868e-01
3.000000e+00 3.850000e+02 3.860000e+02 7.486532e-01 -7.453730e-03 -5.863801e-03 8.538194e-02 3.284884e-02 -4.412217e-01
3.000000e+00 3.860000e+02 3.870000e+02 7.603729e-01 -4.495847e-03 -4.438981e-03 2.019113e-02 1.555573e-01 -4.623136e-01
3.000000e+00 3.870000e+02 3.880000e+02 7.719369e-01 -2.219369e-03 -2.510952e-03 -1.110498e-01 1.932448e-01 -4.454595e-01
3.000000e+00 3.880000e+02 3.890000e+02 7.856714e-01 -4.750932e-03 -3.058576e-03 7.257788e-03 2.673613e-01 -4.047460e-01
3.000000e+00 3.890000e+02 3.900000e+02 8.129688e-01 -1.145108e-02 -4.735764e-03 1.773857e-01 1.658301e-01 -3.581731e-01
3.000000e+00 3.900000e+02 3.910000e+02 8.019797e-01 -7.085341e-03 -6.351219e-03 8.453321e-03 3.290267e-01 -3.275550e-01
3.000000e+00 3.910000e+02 3.920000e+02 8.214875e-01 -2.654970e-03 -1.776297e-03 1.185685e-02 3.348042e-01 -3.355437e-01
3.000000e+00 3.920000e+02 3.930000e+02 8.318930e-01 -1.033734e-02 3.297203e-03 2.571089e-01 -7.505552e-02 -3.021937e-01
3.000000e+00 3.930000e+02 3.940000e+02 8.312807e-01 -8.805437e-03 -5.082286e-05 1.148505e-01 -4.915085e-01 -3.175364e-01
3.000000e+00 3.940000e+02 3.950000e+02 8.203128e-01 -1.126073e-02 -1.039047e-02 2.922111e-01 -8.207436e-01 -3.000879e-01
3.000000e+00 3.950000e+02 3.960000e+02 8.487751e-01 -1.214243e-02 -8.732644e-03 3.200753e-01 -4.723753e-01 -2.721726e-01
3.000000e+00 3.960000e+02 3.970000e+02 8.738000e-01 -1.270706e-02 -4.080081e-03 3.239915e-01 1.822119e-01 -2.720024e-01
3.000000e+00 3.970000e+02 3.980000e+02 8.930427e-01 -1.322816e-02 3.170063e-04 3.620293e-01 4.065886e-01 -3.009574e-01
3.000000e+00 3.980000e+02 3.990000e+02 9.129105e-01 -8.083366e-03 8.584436e-03 9.773470e-02 2.948938e-01 -2.947663e-01
3.000000e+00 3.990000e+02 4.000000e+02 8.812323e-01 -5.036057e-03 1.071319e-02 -2.083542e-01 -3.323571e-01 -2.720687e-01
3.000000e+00 4.000000e+02 4.010000e+02 8.761625e-01 -2.921564e-03 -2.516546e-03 -2.549105e-01 -4.817382e-01 -2.606296e-01
3.000000e+00 4.010000e+02 4.020000e+02 9.248101e-01 -2.444012e-03 -2.602982e-03 -2.470191e-01 -1.607562e-01 -2.903297e-01
3.000000e+00 4.020000e+02 4.030000e+02 8.963095e-01 -2.469540e-03 1.939163e-03 -2.173285e-01 3.728711e-01 -3.095556e-01
3.000000e+00 4.030000e+02 4.040000e+02 9.184719e-01 -6.184373e-05 9.341675e-03 -1.775783e-01 2.653670e-01 -3.166189e-01
3.000000e+00 4.040000e+02 4.050000e+02 9.176209e-01 -1.729732e-03 7.028745e-03 -9.297440e-02 -6.975713e-02 -3.223596e-01
3.000000e+00 4.050000e+02 4.060000e+02 9.230990e-01 -2.097934e-03 1.589321e-03 -8.187607e-02 -2.315272e-01 -2.935520e-01
3.000000e+00 4.060000e+02 4.070000e+02 9.316246e-01 -9.052710e-03 1.504890e-03 1.601719e-01 -5.487684e-02 -2.884509e-01
3.000000e+00 4.070000e+02 4.080000e+02 9.398996e-01 -5.950934e-03 -1.110851e-04 1.944125e-01 2.402406e-03 -2.529238e-01
3.000000e+00 4.080000e+02 4.090000e+02 9.475965e-01 -3.390051e-03 1.538397e-03 6.583698e-02 8.170493e-02 -2.343713e-01
3.000000e+00 4.090000e+02 4.100000e+02 9.526531e-01 -4.155878e-03 2.198896e-04 1.230775e-01 3.161019e-03 -2.154607e-01
3.000000e+00 4.100000e+02 4.110000e+02 9.528085e-01 -1.390678e-03 1.017779e-03 -6.843055e-03 7.056805e-02 -1.622798e-01
3.000000e+00 4.110000e+02 4.120000e+02 9.602838e-01 8.114324e-04 3.648872e-04 -8.102238e-02 9.634158e-02 -1.602199e-01
3.000000e+00 4.120000e+02 4.130000e+02 9.622626e-01 -3.356852e-04 1.954661e-03 -8.703881e-03 1.141544e-01 -1.493563e-01
3.000000e+00 4.130000e+02 4.140000e+02 9.606674e-01 5.736174e-03 4.220004e-03 -2.700846e-01 4.808531e-02 -1.420203e-01
3.000000e+00 4.140000e+02 4.150000e+02 9.570588e-01 2.801304e-03 4.088804e-03 -8.315581e-02 -1.225621e-01 -9.666058e-02
3.000000e+00 4.150000e+02 4.160000e+02 9.563987e-01 2.210978e-03 2.212661e-03 -4.437047e-02 -4.829026e-02 -1.037965e-01
3.000000e+00 4.160000e+02 4.170000e+02 9.564666e-01 -9.711430e-04 3.778944e-03 1.197880e-02 -4.313074e-02 -1.201392e-01
3.000000e+00 4.170000e+02 4.180000e+02 9.642727e-01 9.909167e-04 2.644858e-03 -9.007735e-03 1.633320e-01 -7.616067e-02
3.000000e+00 4.180000e+02 4.190000e+02 9.549070e-01 -3.979241e-03 2.970812e-03 1.423505e-01 9.513092e-02 -7.547024e-02
3.000000e+00 4.190000e+02 4.200000e+02 9.544607e-01 -1.503055e-03 5.887532e-03 3.604880e-02 2.493755e-01 -9.485554e-02
3.000000e+00 4.200000e+02 4.210000e+02 9.582914e-01 9.863127e-04 5.803357e-03 -5.531478e-02 -2.151097e-01 -9.638091e-02
3.000000e+00 4.210000e+02 4.220000e+02 9.612405e-01 -2.430249e-03 3.608543e-03 -3.108363e-02 -2.486347e-01 -1.141664e-01
3.000000e+00 4.220000e+02 4.230000e+02 9.316633e-01 -5.245776e-04 -8.007483e-04 -2.886294e-02 -2.480190e-01 -1.092527e-01
3.000000e+00 4.230000e+02 4.240000e+02 9.439112e-01 1.492970e-03 2.767173e-03 -8.463242e-02 -6.043906e-03 -1.557342e-01
3.000000e+00 4.240000e+02 4.250000e+02 9.743742e-01 2.222157e-03 2.682968e-03 -9.776231e-02 2.411577e-01 -1.599816e-01
3.000000e+00 4.250000e+02 4.260000e+02 9.204521e-01 -1.513302e-03 4.502739e-03 1.271738e-02 3.621140e-01 -1.765932e-01
3.000000e+00 4.260000e+02 4.270000e+02 9.619629e-01 -2.529347e-03 6.899244e-03 2.522884e-02 2.212500e-01 -2.165530e-01
3.000000e+00 4.270000e+02 4.280000e+02 9.258190e-01 1.702380e-04 6.304111e-03 -9.506019e-02 -2.270215e-02 -2.269288e-01
3.000000e+00 4.280000e+02 4.290000e+02 9.365850e-01 3.849401e-04 3.061095e-03 -1.189684e-02 -9.391342e-02 -2.463896e-01
3.000000e+00 4.290000e+02 4.300000e+02 9.410770e-01 -1.011774e-03 -1.115518e-03 -1.685465e-02 3.788267e-04 -2.228498e-01
3.000000e+00 4.300000e+02 4.310000e+02 9.424586e-01 -2.481144e-04 -2.141460e-03 -1.667872e-02 3.994727e-02 -2.515115e-01
3.000000e+00 4.310000e+02 4.320000e+02 9.512731e-01 -5.671460e-04 -7.102458e-03 2.453479e-02 6.560797e-02 -2.352403e-01
3.000000e+00 4.320000e+02 4.330000e+02 9.460396e-01 5.680664e-04 -3.122618e-03 -6.980146e-02 3.677799e-02 -2.257260e-01
3.000000e+00 4.330000e+02 4.340000e+02 9.344327e-01 3.198050e-03 -3.638472e-03 -1.087943e-01 -2.512700e-02 -2.331945e-01
3.000000e+00 4.340000e+02 4.350000e+02 9.378846e-01 3.948573e-03 -2.204360e-03 -1.547319e-01 -1.642205e-02 -2.233674e-01
3.000000e+00 4.350000e+02 4.360000e+02 9.467380e-01 -2.383318e-03 -4.655447e-03 -1.469441e-01 5.551096e-02 -2.323788e-01
3.000000e+00 4.360000e+02 4.370000e+02 9.287520e-01 3.609497e-03 1.406473e-03 -2.728254e-01 -1.122760e-02 -1.986527e-01
3.000000e+00 4.370000e+02 4.380000e+02 9.279176e-01 4.466103e-03 9.294671e-03 -2.859185e-01 -2.161778e-01 -2.009610e-01
3.000000e+00 4.380000e+02 4.390000e+02 9.223326e-01 2.729276e-03 4.101914e-03 -1.661552e-01 -2.969373e-01 -1.858550e-01
3.000000e+00 4.390000e+02 4.400000e+02 9.299047e-01 -3.955737e-04 9.430894e-04 -1.056212e-01 -8.006229e-02 -1.956355e-01
3.000000e+00 4.400000e+02 4.410000e+02 9.311349e-01 -2.113099e-03 3.630625e-03 -1.036654e-01 1.720783e-01 -1.865305e-01
3.000000e+00 4.410000e+02 4.420000e+02 9.310941e-01 -3.842678e-03 5.829488e-03 1.058062e-02 2.227932e-01 -1.915976e-01
3.000000e+00 4.420000e+02 4.430000e+02 9.270415e-01 -4.791755e-03 5.775670e-03 1.587627e-02 1.700845e-01 -1.760709e-01
3.000000e+00 4.430000e+02 4.440000e+02 9.192904e-01 -4.959536e-03 5.269288e-03 6.330515e-02 5.331840e-02 -1.944180e-01
3.000000e+00 4.440000e+02 4.450000e+02 9.195113e-01 -5.309420e-03 4.690792e-03 2.176031e-02 -7.751901e-03 -2.020839e-01
3.000000e+00 4.450000e+02 4.460000e+02 9.107289e-01 -4.379299e-03 5.340742e-03 -5.690077e-02 -9.945687e-02 -2.398292e-01
3.000000e+00 4.460000e+02 4.470000e+02 9.052391e-01 -7.852457e-03 5.067782e-03 -4.100166e-02 -1.350686e-01 -2.754218e-01
3.000000e+00 4.470000e+02 4.480000e+02 9.141499e-01 -1.940395e-02 1.184005e-04 5.117435e-01 1.779374e-01 -3.213053e-01
3.000000e+00 4.480000e+02 4.490000e+02 9.109252e-01 -9.133699e-03 6.256060e-03 1.322643e-02 3.209554e-01 -2.415389e-01
3.000000e+00 4.490000e+02 4.500000e+02 9.053983e-01 -6.239524e-03 7.924737e-03 -2.867997e-02 -4.742880e-02 -3.176642e-01
3.000000e+00 4.500000e+02 4.510000e+02 8.922920e-01 -1.165101e-02 1.757267e-03 1.613318e-01 -7.601781e-01 -2.533937e-01
3.000000e+00 4.510000e+02 4.520000e+02 8.864721e-01 -1.132225e-02 -8.062484e-03 8.430168e-02 -7.882698e-01 -3.289236e-01
3.000000e+00 4.520000e+02 4.530000e+02 8.997378e-01 -6.889364e-03 -1.047810e-02 -1.632234e-01 -1.436952e-01 -3.175546e-01
3.000000e+00 4.530000e+02 4.540000e+02 9.039584e-01 -3.832700e-03 -9.294203e-03 -2.874283e-01 3.921816e-01 -2.890347e-01
3.000000e+00 4.540000e+02 4.550000e+02 9.015196e-01 -3.769240e-03 -9.356785e-04 -1.514458e-01 4.088468e-01 -2.767793e-01
3.000000e+00 4.550000e+02 4.560000e+02 8.965638e-01 -7.571270e-03 4.253559e-03 -1.200380e-01 2.304637e-01 -2.932246e-01
3.000000e+00 4.560000e+02 4.570000e+02 8.867987e-01 -2.784863e-03 3.109893e-03 -2.467091e-01 4.462284e-02 -3.444233e-01
3.000000e+00 4.570000e+02 4.580000e+02 8.865356e-01 -1.941278e-03 9.105531e-04 -2.626273e-01 1.336257e-01 -3.928317e-01
3.000000e+00 4.580000e+02 4.590000e+02 8.869104e-01 -1.360063e-03 2.535928e-03 -2.371301e-01 2.699661e-01 -4.043152e-01
3.000000e+00 4.590000e+02 4.600000e+02 8.826413e-01 -3.760706e-03 6.286168e-03 -1.384403e-01 2.406328e-01 -4.070960e-01
3.000000e+00 4.600000e+02 4.610000e+02 8.745280e-01 -1.251768e-02 2.956574e-03 2.203127e-01 -1.330816e-01 -3.950476e-01
3.000000e+00 4.610000e+02 4.620000e+02 8.724665e-01 -7.820657e-03 -6.026060e-03 9.153501e-02 -2.261552e-01 -3.762011e-01
3.000000e+00 4.620000e+02 4.630000e+02 8.701262e-01 -6.579545e-03 -6.301071e-03 1.068290e-01 -1.185572e-01 -3.964675e-01
3.000000e+00 4.630000e+02 4.640000e+02 8.755799e-01 -4.536606e-03 -3.733506e-03 -3.422050e-02 9.280774e-02 -3.667797e-01
3.000000e+00 4.640000e+02 4.650000e+02 8.762104e-01 -1.671522e-03 -5.696027e-03 -7.893292e-02 1.940715e-01 -3.521061e-01
3.000000e+00 4.650000e+02 4.660000e+02 8.718445e-01 -7.421767e-03 2.551793e-04 1.325526e-01 4.979174e-02 -3.533300e-01
3.000000e+00 4.660000e+02 4.670000e+02 8.684686e-01 -6.010924e-03 -2.255453e-03 9.854298e-02 -1.214560e-01 -3.029264e-01
3.000000e+00 4.670000e+02 4.680000e+02 8.623977e-01 -2.211771e-03 -3.862724e-03 -4.272599e-02 -2.111024e-01 -2.697035e-01
3.000000e+00 4.680000e+02 4.690000e+02 8.668581e-01 -5.880117e-03 -3.315837e-03 1.386875e-01 -8.186997e-02 -2.118440e-01
3.000000e+00 4.690000e+02 4.700000e+02 8.683607e-01 -9.582949e-03 -2.198385e-03 2.866486e-01 6.843787e-02 -1.562420e-01
3.000000e+00 4.700000e+02 4.710000e+02 8.684162e-01 -5.803782e-03 -4.955165e-04 9.980271e-02 1.471539e-01 -1.113822e-01
3.000000e+00 4.710000e+02 4.720000e+02 8.644743e-01 -1.026738e-02 -2.281107e-04 1.075535e-01 9.509813e-02 -1.147023e-01
3.000000e+00 4.720000e+02 4.730000e+02 8.653208e-01 -6.085710e-03 1.744534e-03 1.035428e-01 6.653180e-02 -1.051054e-01
3.000000e+00 4.730000e+02 4.740000e+02 8.599994e-01 -6.110986e-03 1.996980e-03 1.271215e-01 -1.028989e-01 -6.480809e-02
3.000000e+00 4.740000e+02 4.750000e+02 8.571159e-01 -2.627456e-03 1.664469e-03 1.015527e-01 -8.204321e-02 -4.056190e-02
3.000000e+00 4.750000e+02 4.760000e+02 8.538678e-01 -6.518016e-03 2.350649e-03 2.046107e-01 -9.265828e-02 1.309039e-02
3.000000e+00 4.760000e+02 4.770000e+02 8.482999e-01 -3.888814e-03 8.024605e-03 1.111448e-01 -5.366820e-02 5.155825e-02
3.000000e+00 4.770000e+02 4.780000e+02 8.526432e-01 -2.413878e-03 8.214481e-03 8.496474e-02 -1.209237e-02 7.425551e-02
3.000000e+00 4.780000e+02 4.790000e+02 8.078609e-01 -2.590581e-03 7.781598e-03 1.212089e-01 1.411454e-02 9.709547e-02
3.000000e+00 4.790000e+02 4.800000e+02 8.196231e-01 -8.877484e-04 7.616368e-03 6.245606e-02 6.681124e-02 1.345498e-01
3.000000e+00 4.800000e+02 4.810000e+02 8.094819e-01 6.912743e-04 8.993829e-03 5.849018e-02 1.284189e-01 1.490250e-01
3.000000e+00 4.810000e+02 4.820000e+02 8.079048e-01 1.905178e-03 8.254763e-03 1.372934e-02 1.739316e-01 1.795644e-01
3.000000e+00 4.820000e+02 4.830000e+02 7.866256e-01 4.284052e-03 1.030248e-02 -3.235353e-02 1.653184e-01 1.986505e-01
3.000000e+00 4.830000e+02 4.840000e+02 7.790125e-01 5.758541e-03 1.014739e-02 -8.535193e-02 1.204987e-01 2.111653e-01
3.000000e+00 4.840000e+02 4.850000e+02 7.658687e-01 1.011416e-02 1.043866e-02 -2.484004e-01 -2.210193e-02 2.325036e-01
3.000000e+00 4.850000e+02 4.860000e+02 7.552021e-01 8.598975e-03 6.762079e-03 -1.383706e-01 -7.228009e-02 2.254167e-01
3.000000e+00 4.860000e+02 4.870000e+02 7.454731e-01 4.528261e-03 3.760108e-03 2.198607e-02 -1.231455e-02 2.359268e-01
3.000000e+00 4.870000e+02 4.880000e+02 7.432440e-01 6.023182e-03 7.030907e-03 -4.440441e-02 1.614824e-01 2.134427e-01
3.000000e+00 4.880000e+02 4.890000e+02 7.218668e-01 9.754696e-03 9.892387e-03 -8.952535e-02 1.876706e-01 1.901995e-01
3.000000e+00 4.890000e+02 4.900000e+02 7.172218e-01 1.186156e-02 1.181293e-02 -1.867353e-01 1.196794e-01 2.275587e-01
3.000000e+00 4.900000e+02 4.910000e+02 6.897043e-01 3.679476e-03 5.798600e-03 1.416405e-01 -9.642692e-02 2.197744e-01
3.000000e+00 4.910000e+02 4.920000e+02 6.773369e-01 8.385449e-03 8.907072e-03 -1.211459e-02 -7.485411e-02 2.204898e-01
3.000000e+00 4.920000e+02 4.930000e+02 6.668733e-01 8.234053e-03 8.855044e-03 -2.008613e-02 -1.196048e-01 1.921851e-01
3.000000e+00 4.930000e+02 4.940000e+02 6.558086e-01 5.085318e-03 6.296901e-03 -4.421917e-02 -1.413627e-01 1.771495e-01
3.000000e+00 4.940000e+02 4.950000e+02 6.431906e-01 8.413284e-03 3.614094e-03 -1.893080e-01 -1.712260e-02 1.892183e-01
3.000000e+00 4.950000e+02 4.960000e+02 6.304873e-01 7.224530e-03 3.141964e-03 -1.082100e-01 -2.352727e-02 1.908020e-01
3.000000e+00 4.960000e+02 4.970000e+02 6.195263e-01 5.743322e-03 6.128842e-03 -6.859556e-02 -6.395849e-02 2.053619e-01
3.000000e+00 4.970000e+02 4.980000e+02 6.057950e-01 5.180807e-03 4.996892e-03 -5.507775e-02 1.125214e-01 1.764252e-01
3.000000e+00 4.980000e+02 4.990000e+02 6.035590e-01 2.056319e-03 4.306087e-03 -1.027764e-02 -1.237990e-01 2.055916e-01
3.000000e+00 4.990000e+02 5.000000e+02 5.680912e-01 6.782739e-03 3.968625e-03 -1.713710e-01 -1.422681e-01 1.617043e-01
3.000000e+00 5.000000e+02 5.010000e+02 5.794488e-01 5.299654e-03 7.411328e-03 -8.492180e-02 1.529175e-02 1.515194e-01
3.000000e+00 5.010000e+02 5.020000e+02 5.647806e-01 1.943752e-03 2.944372e-03 -5.597811e-02 4.822079e-02 1.956412e-01
3.000000e+00 5.020000e+02 5.030000e+02 5.542391e-01 -3.696063e-04 1.376567e-05 -5.424371e-02 -1.085697e-02 1.731342e-01
3.000000e+00 5.030000e+02 5.040000e+02 5.423030e-01 -4.503110e-04 -1.203375e-03 8.144094e-05 -3.384870e-03 1.683911e-01
3.000000e+00 5.040000e+02 5.050000e+02 5.328305e-01 1.011421e-03 -2.264310e-03 -4.076852e-02 -9.314824e-02 1.766068e-01
3.000000e+00 5.050000e+02 5.060000e+02 5.244090e-01 3.011830e-04 -4.030491e-03 -3.625417e-02 -3.413156e-02 1.476382e-01
3.000000e+00 5.060000e+02 5.070000e+02 5.143444e-01 -1.606208e-03 -4.449828e-03 7.204821e-02 -7.187048e-02 1.375005e-01
3.000000e+00 5.070000e+02 5.080000e+02 5.031880e-01 -6.798736e-04 3.755702e-04 -5.386946e-02 -9.387435e-02 1.274491e-01
3.000000e+00 5.080000e+02 5.090000e+02 4.981838e-01 -3.098134e-05 -8.817551e-04 -4.548968e-02 -6.554221e-02 9.265056e-02
3.000000e+00 5.090000e+02 5.100000e+02 4.887759e-01 -2.527246e-03 3.114187e-04 -3.449105e-02 -8.618341e-02 8.462613e-02
3.000000e+00 5.100000e+02 5.110000e+02 4.917789e-01 -3.658159e-04 1.653164e-03 -2.630193e-02 -6.933587e-02 5.851101e-02
3.000000e+00 5.110000e+02 5.120000e+02 4.897833e-01 -5.220968e-04 2.939609e-03 4.660670e-02 -3.552347e-02 2.295398e-03
3.000000e+00 5.120000e+02 5.130000e+02 4.972253e-01 -6.422208e-04 2.600833e-03 -3.213355e-02 -2.579794e-02 -3.052296e-02
3.000000e+00 5.130000e+02 5.140000e+02 5.021013e-01 1.290296e-03 -6.092557e-04 -9.450692e-02 5.046979e-02 -5.022184e-02
3.000000e+00 5.140000e+02 5.150000e+02 5.066695e-01 2.518176e-04 -6.000488e-04 -4.109432e-02 7.334165e-02 -7.973273e-02
3.000000e+00 5.150000e+02 5.160000e+02 5.118509e-01 -4.727548e-03 9.404444e-04 9.356077e-02 -4.853513e-02 -1.176225e-01
3.000000e+00 5.160000e+02 5.170000e+02 5.149937e-01 -6.128355e-03 3.312375e-03 1.523552e-01 -2.082126e-01 -1.256733e-01
3.000000e+00 5.170000e+02 5.180000e+02 5.241331e-01 -1.123063e-02 2.450831e-03 2.880266e-01 -2.142827e-01 -1.149718e-01
3.000000e+00 5.180000e+02 5.190000e+02 5.310408e-01 -7.303886e-03 -4.919378e-03 1.485236e-01 -3.140014e-01 -1.483441e-01
3.000000e+00 5.190000e+02 5.200000e+02 5.470860e-01 -1.793046e-03 -1.192135e-02 -6.677892e-02 -2.023539e-01 -1.387560e-01
3.000000e+00 5.200000e+02 5.210000e+02 5.589444e-01 -5.005542e-03 -9.073335e-03 -1.928187e-03 -5.029896e-03 -1.226696e-01
3.000000e+00 5.210000e+02 5.220000e+02 5.712938e-01 -1.231137e-02 3.706560e-03 2.514637e-01 1.516241e-01 -1.108914e-01
3.000000e+00 5.220000e+02 5.230000e+02 5.850178e-01 -1.964423e-02 5.525581e-03 5.081712e-01 3.204340e-01 -9.571015e-02
3.000000e+00 5.230000e+02 5.240000e+02 5.902546e-01 -6.835881e-03 4.240884e-03 6.363513e-02 3.262281e-03 -1.237170e-01
3.000000e+00 5.240000e+02 5.250000e+02 5.958432e-01 6.580371e-03 1.720493e-03 -2.682823e-01 -1.881881e-01 -1.551085e-01
3.000000e+00 5.250000e+02 5.260000e+02 6.057533e-01 5.052598e-03 1.510485e-03 -1.681589e-01 -8.182934e-02 -1.050110e-01
3.000000e+00 5.260000e+02 5.270000e+02 6.244394e-01 -8.952665e-03 -4.339901e-04 2.896485e-01 9.798670e-02 -8.330332e-02
3.000000e+00 5.270000e+02 5.280000e+02 6.333000e-01 -1.070252e-02 -5.790577e-05 2.784782e-01 3.183627e-02 -8.305821e-02
3.000000e+00 5.280000e+02 5.290000e+02 6.472401e-01 -4.973482e-03 -7.519460e-04 2.724408e-02 3.754250e-02 -1.042887e-01
3.000000e+00 5.290000e+02 5.300000e+02 6.567916e-01 3.378630e-03 -5.556226e-04 -2.206297e-01 -7.898245e-02 -1.319994e-01
3.000000e+00 5.300000e+02 5.310000e+02 6.670698e-01 1.681476e-03 -4.435561e-03 -1.599599e-01 -4.901591e-02 -1.060272e-01
3.000000e+00 5.310000e+02 5.320000e+02 6.746844e-01 -3.799703e-03 -8.443201e-03 -1.092730e-02 -2.512030e-01 -8.400456e-02
3.000000e+00 5.320000e+02 5.330000e+02 6.874505e-01 -7.519298e-03 -4.095011e-03 5.198483e-02 -9.047209e-02 -1.088758e-01
3.000000e+00 5.330000e+02 5.340000e+02 7.051377e-01 3.932552e-03 -3.408719e-03 -2.173049e-01 7.244483e-02 -8.862500e-02
3.000000e+00 5.340000e+02 5.350000e+02 7.044453e-01 5.277495e-03 -2.532900e-03 -2.210352e-01 7.674068e-02 -8.755980e-02
3.000000e+00 5.350000e+02 5.360000e+02 7.145622e-01 1.548435e-03 -1.032776e-03 -4.365968e-02 -1.005393e-01 -1.207705e-01
3.000000e+00 5.360000e+02 5.370000e+02 7.225644e-01 -5.343195e-03 -3.495014e-04 1.825162e-01 -2.458693e-01 -1.005990e-01
3.000000e+00 5.370000e+02 5.380000e+02 7.274498e-01 -3.839061e-03 -5.058834e-03 8.115501e-02 -3.666940e-01 -9.910878e-02
3.000000e+00 5.380000e+02 5.390000e+02 7.407647e-01 8.434353e-06 -9.687915e-03 -8.886972e-03 -2.339913e-01 -7.934952e-02
3.000000e+00 5.390000e+02 5.400000e+02 7.542987e-01 -8.057831e-03 -5.781546e-03 2.412131e-01 1.525213e-01 -4.988202e-02
3.000000e+00 5.400000e+02 5.410000e+02 7.647277e-01 -9.743244e-03 4.037524e-04 2.739576e-01 3.523767e-01 -6.229953e-02
3.000000e+00 5.410000e+02 5.420000e+02 7.714366e-01 -7.743393e-03 1.266303e-03 1.634870e-01 1.417038e-01 -8.001655e-02
3.000000e+00 5.420000e+02 5.430000e+02 7.765591e-01 -5.101809e-03 1.211675e-04 1.220274e-01 -7.523335e-02 -7.753539e-02
3.000000e+00 5.430000e+02 5.440000e+02 7.827982e-01 -2.521752e-03 -3.242899e-03 3.476045e-02 -1.130311e-01 -4.512923e-02
3.000000e+00 5.440000e+02 5.450000e+02 7.924368e-01 -2.761087e-03 -5.088266e-03 6.693619e-02 -5.437549e-02 -3.570430e-02
3.000000e+00 5.450000e+02 5.460000e+02 8.027261e-01 -1.464029e-03 -2.459366e-03 2.385534e-02 5.365295e-02 5.038654e-03
3.000000e+00 5.460000e+02 5.470000e+02 8.125956e-01 -1.110658e-03 -6.113699e-04 3.946522e-02 1.024844e-01 4.677392e-02
3.000000e+00 5.470000e+02 5.480000e+02 8.157808e-01 -8.272727e-05 6.601349e-05 3.794936e-02 5.129482e-02 5.707343e-02
3.000000e+00 5.480000e+02 5.490000e+02 8.309245e-01 1.973464e-03 -3.125568e-03 3.278647e-03 8.162061e-02 7.392253e-02
3.000000e+00 5.490000e+02 5.500000e+02 8.300228e-01 8.532629e-04 -1.930556e-03 1.725408e-03 8.167034e-02 7.315066e-02
3.000000e+00 5.500000e+02 5.510000e+02 8.435619e-01 8.186814e-04 -9.999454e-04 7.496583e-02 7.554815e-02 1.100895e-01
3.000000e+00 5.510000e+02 5.520000e+02 8.504990e-01 -4.146477e-04 -2.593353e-04 9.340302e-02 7.652027e-02 1.121615e-01
3.000000e+00 5.520000e+02 5.530000e+02 8.573638e-01 1.301246e-03 -1.264179e-03 4.135450e-02 1.629884e-02 1.067099e-01
3.000000e+00 5.530000e+02 5.540000e+02 8.627070e-01 -5.412260e-05 -1.878348e-03 8.464672e-02 -3.075283e-02 1.447463e-01
3.000000e+00 5.540000e+02 5.550000e+02 8.721849e-01 -5.207641e-04 -3.018676e-03 9.913196e-02 5.997414e-02 1.624709e-01
3.000000e+00 5.550000e+02 5.560000e+02 8.851258e-01 9.219741e-04 -1.207008e-03 1.048116e-01 5.062471e-02 1.583636e-01
3.000000e+00 5.560000e+02 5.570000e+02 8.851295e-01 -1.524570e-03 -4.078205e-04 1.039058e-01 4.980817e-02 1.584566e-01
3.000000e+00 5.570000e+02 5.580000e+02 8.925971e-01 -1.579284e-03 -4.949134e-04 4.289717e-02 -3.572092e-02 1.707075e-01
3.000000e+00 5.580000e+02 5.590000e+02 9.011896e-01 -4.861502e-03 -2.166981e-04 7.633494e-02 -5.363567e-02 1.667273e-01
3.000000e+00 5.590000e+02 5.600000e+02 9.024700e-01 -2.063411e-03 -1.214128e-03 -2.167610e-02 -6.201852e-02 1.704707e-01
3.000000e+00 5.600000e+02 5.610000e+02 9.082089e-01 3.602874e-03 1.967499e-03 -1.476652e-01 -5.586420e-02 1.687127e-01
3.000000e+00 5.610000e+02 5.620000e+02 9.095724e-01 4.391771e-04 1.889774e-03 -7.964731e-02 -6.268913e-02 1.491954e-01
3.000000e+00 5.620000e+02 5.630000e+02 9.168591e-01 6.197930e-04 7.186744e-04 -1.239667e-01 -2.063413e-02 1.293705e-01
3.000000e+00 5.630000e+02 5.640000e+02 9.187022e-01 -7.541698e-04 2.032740e-03 -1.502227e-02 9.661267e-02 9.659275e-02
3.000000e+00 5.640000e+02 5.650000e+02 9.211451e-01 5.347470e-04 4.825729e-03 2.246006e-02 1.411265e-01 1.043189e-01
3.000000e+00 5.650000e+02 5.660000e+02 9.234849e-01 3.063774e-03 8.523181e-03 1.776795e-03 1.609664e-01 7.435543e-02
3.000000e+00 5.660000e+02 5.670000e+02 9.242260e-01 -2.355344e-04 6.169861e-03 9.211154e-02 -3.491668e-02 5.630080e-02
3.000000e+00 5.670000e+02 5.680000e+02 9.218819e-01 1.113989e-03 2.687081e-03 7.464081e-02 -7.092504e-02 4.333875e-02
3.000000e+00 5.680000e+02 5.690000e+02 9.257166e-01 -3.011301e-04 1.782067e-03 -1.164126e-02 -7.054671e-03 3.899388e-02
3.000000e+00 5.690000e+02 5.700000e+02 9.226054e-01 4.464667e-03 5.761256e-03 -1.616525e-01 1.421735e-01 1.657900e-02
3.000000e+00 5.700000e+02 5.710000e+02 9.200679e-01 -2.044953e-04 8.297433e-03 -1.635282e-01 1.295567e-01 1.707955e-02
3.000000e+00 5.710000e+02 5.720000e+02 9.171237e-01 -2.304421e-03 7.567784e-03 -9.139478e-02 -7.379029e-02 2.133579e-02
3.000000e+00 5.720000e+02 5.730000e+02 9.113630e-01 -4.208253e-03 8.811075e-03 -1.169473e-02 -9.211820e-02 3.710361e-03
3.000000e+00 5.730000e+02 5.740000e+02 9.132699e-01 -2.292907e-03 6.584032e-03 -2.039151e-02 -1.061564e-02 1.648846e-02
3.000000e+00 5.740000e+02 5.750000e+02 9.128234e-01 -8.492316e-03 7.866051e-03 -8.525576e-02 -3.324825e-02 5.708335e-03
3.000000e+00 5.750000e+02 5.760000e+02 9.131193e-01 -8.387085e-03 4.918674e-03 2.734747e-02 -2.597210e-02 5.060115e-03
3.000000e+00 5.760000e+02 5.770000e+02 9.116362e-01 -8.163942e-03 2.265007e-03 -2.405522e-02 1.838978e-02 2.176583e-02
3.000000e+00 5.770000e+02 5.780000e+02 9.128971e-01 -8.241073e-03 5.378776e-03 6.478084e-02 5.714197e-02 8.212407e-03
3.000000e+00 5.780000e+02 5.790000e+02 9.051074e-01 -3.322162e-03 6.025486e-03 -6.318531e-02 -9.638325e-03 2.296233e-02
3.000000e+00 5.790000e+02 5.800000e+02 9.021232e-01 -5.292475e-03 6.299065e-03 -3.963615e-03 -1.997950e-01 1.020433e-03
3.000000e+00 5.800000e+02 5.810000e+02 9.023986e-01 -2.620829e-03 1.631366e-03 2.025574e-01 -4.695698e-02 4.986786e-02
3.000000e+00 5.810000e+02 5.820000e+02 9.061293e-01 -4.401625e-03 3.084788e-03 1.583019e-01 1.660947e-01 5.762133e-02
3.000000e+00 5.820000e+02 5.830000e+02 9.086440e-01 -6.361770e-03 4.105224e-03 1.431531e-01 1.123567e-01 9.982742e-02
3.000000e+00 5.830000e+02 5.840000e+02 9.001967e-01 -9.255814e-03 1.956054e-03 2.528894e-01 -2.075022e-01 1.465684e-01
3.000000e+00 5.840000e+02 5.850000e+02 9.007901e-01 -1.152726e-02 -1.241990e-03 2.536095e-01 -2.070701e-01 1.474974e-01
3.000000e+00 5.850000e+02 5.860000e+02 9.007180e-01 -1.396988e-02 -4.614139e-03 2.578343e-01 -2.147409e-01 1.475504e-01
3.000000e+00 5.860000e+02 5.870000e+02 9.056684e-01 -1.150242e-02 -2.347725e-03 1.297965e-01 7.417891e-02 1.742036e-01
3.000000e+00 5.870000e+02 5.880000e+02 9.040955e-01 -1.439114e-02 -1.267375e-03 9.843278e-02 -5.240540e-02 1.822829e-01
3.000000e+00 5.880000e+02 5.890000e+02 9.054209e-01 -1.969669e-02 -7.978675e-03 4.790478e-02 -5.834599e-02 1.800387e-01
3.000000e+00 5.890000e+02 5.900000e+02 9.050963e-01 -1.454945e-02 -9.748269e-03 2.855754e-02 -7.595371e-02 1.969170e-01
3.000000e+00 5.900000e+02 5.910000e+02 9.104108e-01 -1.371861e-02 -9.601062e-03 -1.738870e-02 2.875786e-01 2.273529e-01
3.000000e+00 5.910000e+02 5.920000e+02 9.092965e-01 -6.353574e-03 -1.489130e-03 -1.222062e-01 2.196285e-01 2.539022e-01
3.000000e+00 5.920000e+02 5.930000e+02 9.110748e-01 -1.591629e-02 -7.706659e-03 -7.171332e-02 6.479395e-02 2.825807e-01
3.000000e+00 5.930000e+02 5.940000e+02 9.122159e-01 -2.037057e-02 -6.762987e-03 -7.200781e-02 6.441988e-02 2.842207e-01
3.000000e+00 5.940000e+02 5.950000e+02 9.176259e-01 -2.378452e-02 -8.265239e-03 -7.099549e-02 6.694425e-02 3.194257e-01
3.000000e+00 5.950000e+02 5.960000e+02 9.135826e-01 -1.730642e-02 -5.447158e-03 -3.889516e-02 -2.963484e-03 3.652201e-01
3.000000e+00 5.960000e+02 5.970000e+02 9.128285e-01 -1.144021e-02 -3.426165e-03 -7.279972e-02 -5.425821e-02 4.187965e-01
3.000000e+00 5.970000e+02 5.980000e+02 9.117779e-01 -6.505662e-03 -3.758112e-03 -7.631839e-02 -5.398803e-02 5.074005e-01
3.000000e+00 5.980000e+02 5.990000e+02 9.116999e-01 -1.457437e-02 -4.639065e-03 -7.581743e-02 -5.514803e-02 5.071813e-01
3.000000e+00 5.990000e+02 6.000000e+02 9.114541e-01 -1.142214e-02 -2.998475e-03 -4.181147e-02 -2.424366e-02 5.518819e-01
3.000000e+00 6.000000e+02 6.010000e+02 9.115124e-01 -7.860448e-03 -2.626993e-03 -3.946051e-02 9.495140e-03 5.440241e-01
3.000000e+00 6.010000e+02 6.020000e+02 9.086997e-01 -2.908369e-03 -1.433000e-03 -5.028996e-02 -3.183680e-03 5.481081e-01
3.000000e+00 6.020000e+02 6.030000e+02 9.117330e-01 5.162882e-03 1.311463e-03 -6.726251e-02 2.833672e-02 5.193508e-01
3.000000e+00 6.030000e+02 6.040000e+02 9.013985e-01 6.263068e-03 4.361923e-03 -3.249309e-02 1.748283e-02 4.875423e-01
3.000000e+00 6.040000e+02 6.050000e+02 9.064223e-01 1.108693e-02 -4.783011e-04 -7.224936e-02 2.792507e-02 4.109313e-01
3.000000e+00 6.050000e+02 6.060000e+02 9.029179e-01 9.716787e-03 -2.336673e-03 -3.624497e-02 -1.009398e-02 3.477722e-01
3.000000e+00 6.060000e+02 6.070000e+02 9.036040e-01 9.440586e-03 -2.771593e-03 -5.294841e-02 -3.512713e-02 3.051441e-01
3.000000e+00 6.070000e+02 6.080000e+02 9.056153e-01 4.102782e-03 -1.348488e-03 -1.465750e-02 2.306189e-02 2.735661e-01
3.000000e+00 6.080000e+02 6.090000e+02 9.049287e-01 3.267120e-03 3.762764e-03 -3.519516e-02 -4.116707e-03 2.751704e-01
3.000000e+00 6.090000e+02 6.100000e+02 9.109095e-01 -2.437510e-03 1.557025e-03 2.236048e-02 1.004595e-02 2.602795e-01
3.000000e+00 6.100000e+02 6.110000e+02 9.125687e-01 -1.071929e-03 2.811394e-04 1.815889e-02 -2.748965e-02 2.647676e-01
3.000000e+00 6.110000e+02 6.120000e+02 9.164457e-01 5.329866e-04 1.144036e-03 4.546889e-03 1.055454e-02 2.503281e-01
3.000000e+00 6.120000e+02 6.130000e+02 9.154047e-01 1.529373e-03 3.388248e-03 1.621799e-02 8.598814e-02 2.699340e-01
3.000000e+00 6.130000e+02 6.140000e+02 9.197291e-01 3.938838e-03 6.507724e-03 -4.972085e-02 9.853853e-02 2.694723e-01
3.000000e+00 6.140000e+02 6.150000e+02 9.142310e-01 4.891912e-03 5.611209e-03 5.065384e-02 1.300950e-01 2.747486e-01
3.000000e+00 6.150000e+02 6.160000e+02 9.100140e-01 1.298618e-02 7.383610e-03 1.858370e-02 1.144768e-01 2.723757e-01
3.000000e+00 6.160000e+02 6.170000e+02 8.982026e-01 1.438351e-02 9.861843e-03 -1.940459e-02 4.305181e-02 2.596097e-01
3.000000e+00 6.170000e+02 6.180000e+02 8.989229e-01 1.042518e-02 1.061641e-02 -2.158272e-02 3.697145e-02 2.605321e-01
3.000000e+00 6.180000e+02 6.190000e+02 8.898009e-01 8.572902e-03 1.106790e-02 -9.461591e-02 -1.852723e-01 2.835587e-01
3.000000e+00 6.190000e+02 6.200000e+02 8.837782e-01 1.904008e-02 1.189669e-02 -1.240630e-01 -1.631893e-01 2.719292e-01
3.000000e+00 6.200000e+02 6.210000e+02 8.875470e-01 1.035191e-02 6.325695e-03 -5.883280e-02 1.636954e-03 2.513942e-01
3.000000e+00 6.210000e+02 6.220000e+02 8.885654e-01 1.092648e-02 7.036520e-03 -1.046586e-01 2.772150e-01 2.051075e-01
3.000000e+00 6.220000e+02 6.230000e+02 8.812676e-01 1.450603e-02 1.414592e-02 -1.811008e-01 2.141406e-01 1.532424e-01
3.000000e+00 6.230000e+02 6.240000e+02 8.754306e-01 1.577398e-02 1.676841e-02 -2.544425e-01 -1.478816e-02 1.054931e-01
3.000000e+00 6.240000e+02 6.250000e+02 8.644188e-01 1.371282e-02 1.117678e-02 -1.201774e-01 -2.708231e-01 5.633088e-02
3.000000e+00 6.250000e+02 6.260000e+02 8.649828e-01 1.278801e-02 7.060898e-03 -1.201158e-01 -2.734945e-01 5.591179e-02
3.000000e+00 6.260000e+02 6.270000e+02 8.652603e-01 1.669432e-02 8.327194e-03 -1.031470e-01 1.428430e-02 3.561395e-02
3.000000e+00 6.270000e+02 6.280000e+02 8.589617e-01 1.603006e-02 1.057662e-02 -1.639374e-01 3.000708e-01 2.449875e-02
3.000000e+00 6.280000e+02 6.290000e+02 8.603717e-01 1.556362e-02 1.510845e-02 -1.650858e-01 3.019061e-01 2.558202e-02
3.000000e+00 6.290000e+02 6.300000e+02 8.440878e-01 1.329171e-02 1.728217e-02 -6.959449e-02 1.298553e-01 6.454185e-03
3.000000e+00 6.300000e+02 6.310000e+02 8.401727e-01 1.192957e-02 1.328638e-02 3.186113e-02 9.059991e-03 -2.312094e-02
3.000000e+00 6.310000e+02 6.320000e+02 8.362594e-01 1.033989e-02 1.221419e-02 1.266031e-02 -6.998057e-02 -3.347740e-02
3.000000e+00 6.320000e+02 6.330000e+02 8.356636e-01 7.144674e-03 9.680093e-03 -1.266701e-02 -5.288020e-02 -2.443781e-02
3.000000e+00 6.330000e+02 6.340000e+02 8.457678e-01 -3.500858e-03 7.574993e-04 3.591872e-01 1.487588e-01 -3.967614e-02
3.000000e+00 6.340000e+02 6.350000e+02 8.442118e-01 -4.044471e-03 4.082150e-03 6.448512e-02 5.119559e-02 -8.132777e-05
3.000000e+00 6.350000e+02 6.360000e+02 8.358728e-01 6.608913e-03 7.379886e-03 -3.851939e-02 -9.870560e-02 -4.158016e-02
3.000000e+00 6.360000e+02 6.370000e+02 8.295261e-01 -1.212929e-03 1.439434e-03 1.105765e-01 -3.514556e-01 -1.891037e-02
3.000000e+00 6.370000e+02 6.380000e+02 8.339324e-01 1.929995e-04 2.996980e-03 1.274331e-01 -3.413636e-01 -5.679092e-03
3.000000e+00 6.380000e+02 6.390000e+02 8.497058e-01 6.340977e-03 2.196544e-03 -1.377745e-01 1.850034e-01 -4.838359e-02
3.000000e+00 6.390000e+02 6.400000e+02 8.542546e-01 5.813613e-03 5.616978e-03 2.752995e-02 1.932433e-01 -8.794989e-03
3.000000e+00 6.400000e+02 6.410000e+02 8.573336e-01 8.255583e-03 1.249703e-02 -4.341517e-02 -7.588306e-03 -1.545036e-02
3.000000e+00 6.410000e+02 6.420000e+02 8.605638e-01 7.719917e-03 9.590811e-03 -6.926396e-03 -8.333927e-02 -3.816628e-03
3.000000e+00 6.420000e+02 6.430000e+02 8.841405e-01 5.133397e-04 2.101761e-03 1.209585e-01 -2.266423e-01 1.051068e-02
3.000000e+00 6.430000e+02 6.440000e+02 8.615907e-01 8.899199e-04 -1.071562e-03 3.434695e-02 -7.272830e-02 4.101507e-03
3.000000e+00 6.440000e+02 6.450000e+02 9.207757e-01 5.612951e-03 2.596028e-03 2.424333e-03 9.990302e-02 4.913862e-03
3.000000e+00 6.450000e+02 6.460000e+02 8.635871e-01 6.037226e-03 8.534190e-03 5.441764e-02 1.620228e-01 1.954673e-02
3.000000e+00 6.460000e+02 6.470000e+02 8.978915e-01 5.226058e-03 1.338886e-02 1.557137e-01 -2.981481e-02 1.276816e-02
3.000000e+00 6.470000e+02 6.480000e+02 9.015944e-01 4.381292e-04 7.047472e-03 2.601458e-01 -9.002856e-02 2.759594e-02
3.000000e+00 6.480000e+02 6.490000e+02 9.114596e-01 1.015896e-03 9.553380e-03 2.327842e-01 -6.656910e-02 3.182611e-02
3.000000e+00 6.490000e+02 6.500000e+02 9.032233e-01 1.107413e-03 6.474071e-03 1.524921e-01 1.130694e-01 5.995775e-02
3.000000e+00 6.500000e+02 6.510000e+02 9.073623e-01 -4.194938e-03 7.472945e-03 3.612161e-01 -7.998536e-02 7.163032e-02
3.000000e+00 6.510000e+02 6.520000e+02 9.063032e-01 2.862609e-03 3.490561e-03 2.419097e-01 2.892120e-02 6.917410e-02
3.000000e+00 6.520000e+02 6.530000e+02 9.098850e-01 9.497837e-03 -6.726804e-04 -1.188404e-01 1.980367e-01 2.461324e-02
3.000000e+00 6.530000e+02 6.540000e+02 9.143877e-01 1.423296e-02 2.727265e-04 -1.670975e-01 4.297097e-01 2.181341e-02
3.000000e+00 6.540000e+02 6.550000e+02 9.073994e-01 1.863093e-03 3.664145e-03 6.319831e-02 1.053856e-01 5.220430e-02
3.000000e+00 6.550000e+02 6.560000e+02 9.054576e-01 -6.592195e-04 2.257386e-03 1.007305e-02 1.463005e-02 2.841417e-02
3.000000e+00 6.560000e+02 6.570000e+02 8.980917e-01 -7.025525e-03 3.546449e-03 3.728499e-02 -2.234283e-01 1.807412e-02
3.000000e+00 6.570000e+02 6.580000e+02 9.018951e-01 -1.432365e-02 -3.784909e-03 8.441098e-02 -1.190841e-01 5.008812e-02
3.000000e+00 6.580000e+02 6.590000e+02 9.043571e-01 -1.229463e-02 3.210410e-03 1.160863e-01 5.790195e-02 4.479080e-02
3.000000e+00 6.590000e+02 6.600000e+02 8.907975e-01 -1.123123e-02 4.024365e-03 1.044530e-01 1.676142e-01 3.411098e-02
3.000000e+00 6.600000e+02 6.610000e+02 8.875517e-01 -1.063871e-02 2.745503e-03 -2.475377e-02 7.699675e-02 9.292284e-03
3.000000e+00 6.610000e+02 6.620000e+02 8.722821e-01 -4.525366e-03 5.406883e-03 -8.443400e-02 -1.228540e-02 -1.446314e-02
3.000000e+00 6.620000e+02 6.630000e+02 8.672747e-01 -2.781186e-03 5.978252e-03 -3.201763e-02 -1.366594e-02 -1.640395e-02
3.000000e+00 6.630000e+02 6.640000e+02 8.559567e-01 -6.634768e-03 4.374933e-03 8.846463e-02 1.253864e-01 -3.236342e-02
3.000000e+00 6.640000e+02 6.650000e+02 8.560536e-01 -1.162626e-02 1.140696e-03 4.013482e-02 1.509237e-01 -5.489596e-02
3.000000e+00 6.650000e+02 6.660000e+02 8.346079e-01 -9.691878e-03 3.811209e-03 -2.089864e-02 1.136088e-01 -5.957671e-02
3.000000e+00 6.660000e+02 6.670000e+02 8.263067e-01 -1.114861e-02 3.698846e-03 5.622963e-02 1.754723e-03 -7.166622e-02
3.000000e+00 6.670000e+02 6.680000e+02 8.133447e-01 -1.392533e-02 1.445058e-04 1.045071e-01 -1.331080e-01 -7.283240e-02
3.000000e+00 6.680000e+02 6.690000e+02 8.037188e-01 -1.004022e-02 -9.996596e-04 -4.156318e-02 -2.671233e-01 -8.188193e-02
3.000000e+00 6.690000e+02 6.700000e+02 7.918667e-01 -2.899354e-03 4.858520e-03 -8.141492e-02 -2.718382e-01 -7.808575e-02
3.000000e+00 6.700000e+02 6.710000e+02 7.931110e-01 -1.902000e-03 9.413985e-04 -8.410613e-02 -2.775891e-01 -7.908262e-02
3.000000e+00 6.710000e+02 6.720000e+02 7.868703e-01 -3.308620e-03 2.561754e-03 7.826372e-03 -4.272175e-02 -5.509379e-02
3.000000e+00 6.720000e+02 6.730000e+02 7.854157e-01 -1.553700e-03 5.604291e-03 -5.732679e-02 2.664913e-01 -8.579202e-02
3.000000e+00 6.730000e+02 6.740000e+02 7.824946e-01 -2.524540e-03 6.464075e-03 -1.829545e-02 2.965769e-01 -6.315852e-02
3.000000e+00 6.740000e+02 6.750000e+02 7.737576e-01 -8.323032e-03 2.547849e-03 9.829206e-02 5.490935e-02 -4.581423e-02
3.000000e+00 6.750000e+02 6.760000e+02 7.622150e-01 -8.110715e-03 1.637873e-03 9.873832e-02 -6.031256e-02 -4.108952e-02
3.000000e+00 6.760000e+02 6.770000e+02 7.600802e-01 -4.060633e-03 1.500344e-03 3.604201e-03 -1.341332e-01 -1.283578e-02
3.000000e+00 6.770000e+02 6.780000e+02 7.636000e-01 -4.909161e-03 -3.954496e-04 6.931341e-03 -6.996942e-02 -9.568428e-03
3.000000e+00 6.780000e+02 6.790000e+02 7.605001e-01 -4.400912e-03 -2.757222e-03 1.041042e-01 -3.287529e-02 -4.526963e-03
3.000000e+00 6.790000e+02 6.800000e+02 7.551256e-01 -2.599234e-03 -7.586082e-03 6.814848e-02 -7.722800e-02 6.710636e-03
3.000000e+00 6.800000e+02 6.810000e+02 7.750748e-01 -2.413117e-03 -1.262524e-02 2.430593e-02 -1.603324e-02 -9.465279e-03
3.000000e+00 6.810000e+02 6.820000e+02 7.468971e-01 7.886272e-04 -1.681856e-02 -5.043867e-02 -1.443374e-01 1.352859e-02
3.000000e+00 6.820000e+02 6.830000e+02 7.645122e-01 1.798981e-03 -1.601645e-02 5.081430e-02 3.446360e-03 2.396696e-03
3.000000e+00 6.830000e+02 6.840000e+02 7.705997e-01 -2.794228e-03 -6.515206e-03 -7.798389e-03 8.264088e-02 2.645620e-02
3.000000e+00 6.840000e+02 6.850000e+02 7.728431e-01 -3.849870e-03 -4.701865e-03 6.563081e-02 8.336891e-02 5.428957e-02
3.000000e+00 6.850000e+02 6.860000e+02 7.720745e-01 -4.565640e-03 -4.510579e-03 1.685733e-02 1.089334e-01 8.639222e-02
3.000000e+00 6.860000e+02 6.870000e+02 7.564194e-01 -2.245242e-03 6.976469e-05 4.169620e-02 1.057752e-01 9.504163e-02
3.000000e+00 6.870000e+02 6.880000e+02 7.390107e-01 9.726778e-04 6.869263e-03 2.402050e-03 7.724439e-02 9.868765e-02
3.000000e+00 6.880000e+02 6.890000e+02 7.435521e-01 4.275967e-03 9.896162e-03 -8.270358e-02 -2.757654e-02 1.195975e-01
3.000000e+00 6.890000e+02 6.900000e+02 7.355967e-01 8.514565e-03 1.388779e-02 -7.606852e-02 -5.838060e-02 1.171988e-01
3.000000e+00 6.900000e+02 6.910000e+02 7.120713e-01 4.685941e-03 8.674103e-03 -1.198831e-02 -4.521947e-02 1.240257e-01
3.000000e+00 6.910000e+02 6.920000e+02 7.029280e-01 7.082129e-03 1.241978e-02 -6.078189e-02 2.694632e-02 1.148095e-01
3.000000e+00 6.920000e+02 6.930000e+02 7.001370e-01 4.486695e-03 1.322341e-02 -6.937553e-02 8.686955e-02 7.904469e-02
3.000000e+00 6.930000e+02 6.940000e+02 6.940863e-01 3.338994e-03 1.030926e-02 -6.766603e-02 1.057969e-01 7.015823e-02
3.000000e+00 6.940000e+02 6.950000e+02 6.668367e-01 -1.169240e-03 6.127917e-03 -1.087112e-02 4.022203e-03 6.835286e-02
3.000000e+00 6.950000e+02 6.960000e+02 6.692833e-01 -1.948990e-03 6.214077e-03 -1.056021e-02 3.973549e-03 6.856644e-02
3.000000e+00 6.960000e+02 6.970000e+02 6.738027e-01 -1.166821e-03 9.154017e-03 2.843268e-02 -1.205218e-03 6.394494e-02
3.000000e+00 6.970000e+02 6.980000e+02 6.233864e-01 -1.992320e-03 6.634585e-03 4.129437e-02 1.326998e-02 7.270993e-02
3.000000e+00 6.980000e+02 6.990000e+02 6.344571e-01 -2.235145e-03 1.384200e-03 8.771706e-02 1.052145e-02 7.127416e-02
3.000000e+00 6.990000e+02 7.000000e+02 6.386519e-01 -2.368616e-03 3.890514e-03 -1.109640e-02 -1.712232e-02 7.154353e-02
3.000000e+00 7.000000e+02 7.010000e+02 5.952977e-01 -2.895526e-04 8.139581e-03 -4.627194e-02 -1.468028e-02 6.743692e-02
3.000000e+00 7.010000e+02 7.020000e+02 6.155813e-01 -6.056530e-05 8.699900e-03 -3.663800e-02 -3.072726e-03 6.686026e-02
3.000000e+00 7.020000e+02 7.030000e+02 5.678422e-01 -6.410782e-04 8.179150e-03 -6.067240e-03 -4.846916e-03 6.103401e-02
3.000000e+00 7.030000e+02 7.040000e+02 5.776801e-01 -1.879053e-03 5.354997e-03 -5.010187e-03 -4.128773e-03 5.650597e-02
3.000000e+00 7.040000e+02 7.050000e+02 5.646349e-01 -7.883002e-04 2.889855e-03 -6.513233e-02 4.916810e-02 4.640142e-02
3.000000e+00 7.050000e+02 7.060000e+02 5.556050e-01 -1.853610e-04 6.353943e-03 -6.685475e-02 7.779565e-02 4.045610e-02
3.000000e+00 7.060000e+02 7.070000e+02 5.462472e-01 -1.541313e-03 6.177498e-03 -3.067000e-02 6.388827e-02 4.695090e-02
3.000000e+00 7.070000e+02 7.080000e+02 5.324577e-01 -1.447153e-03 7.927493e-03 5.940949e-02 4.867409e-03 3.981601e-02
3.000000e+00 7.080000e+02 7.090000e+02 5.238069e-01 -1.700144e-03 8.248841e-03 3.176792e-02 -7.897522e-02 3.800173e-02
3.000000e+00 7.090000e+02 7.100000e+02 5.012304e-01 1.871188e-03 1.237993e-02 -7.261831e-02 -1.628756e-01 3.190355e-02
3.000000e+00 7.100000e+02 7.110000e+02 4.961989e-01 2.478097e-03 1.012028e-02 -8.021680e-02 -1.521822e-01 3.937093e-02
3.000000e+00 7.110000e+02 7.120000e+02 4.906228e-01 1.619059e-03 9.108129e-03 -7.982460e-03 -1.159446e-01 5.780470e-02
3.000000e+00 7.120000e+02 7.130000e+02 4.714380e-01 -3.624503e-03 5.368795e-03 1.031549e-01 -7.208839e-02 4.011436e-02
3.000000e+00 7.130000e+02 7.140000e+02 4.643521e-01 -4.911034e-03 1.245909e-03 6.522683e-02 -1.266177e-02 2.962285e-02
3.000000e+00 7.140000e+02 7.150000e+02 4.518625e-01 -1.963399e-03 3.188774e-03 -1.495965e-02 9.636004e-02 -3.930798e-02
3.000000e+00 7.150000e+02 7.160000e+02 4.410258e-01 1.999441e-04 3.832346e-03 -9.829069e-02 1.061235e-01 -6.335112e-02
3.000000e+00 7.160000e+02 7.170000e+02 4.335421e-01 -2.807620e-03 6.750215e-03 -1.938906e-02 5.593488e-02 -7.742117e-02
3.000000e+00 7.170000e+02 7.180000e+02 4.038793e-01 -2.965611e-03 8.612226e-03 6.086937e-04 3.686362e-02 -7.650215e-02
3.000000e+00 7.180000e+02 7.190000e+02 3.974459e-01 -4.950776e-04 1.017236e-02 1.969860e-02 2.074944e-02 -7.123065e-02
3.000000e+00 7.190000e+02 7.200000e+02 3.861306e-01 -1.041938e-03 5.899473e-03 -2.457517e-02 2.913875e-02 -5.502824e-02
3.000000e+00 7.200000e+02 7.210000e+02 3.693515e-01 8.163917e-04 9.755717e-03 2.258923e-02 4.468181e-02 -5.972040e-02
3.000000e+00 7.210000e+02 7.220000e+02 3.694684e-01 1.266664e-03 1.001237e-02 2.253803e-02 4.472288e-02 -5.971724e-02
3.000000e+00 7.220000e+02 7.230000e+02 3.517307e-01 1.652097e-03 1.307630e-02 3.035880e-02 3.754897e-02 -6.268843e-02
3.000000e+00 7.230000e+02 7.240000e+02 3.396532e-01 7.520669e-03 1.435203e-02 -4.453340e-02 2.968827e-02 -6.428696e-02
3.000000e+00 7.240000e+02 7.250000e+02 3.286806e-01 6.744493e-03 7.215658e-03 -9.682177e-02 2.303008e-02 -5.623123e-02
3.000000e+00 7.250000e+02 7.260000e+02 3.190909e-01 1.402336e-03 6.407777e-03 -6.765471e-02 1.471091e-02 -5.582543e-02
3.000000e+00 7.260000e+02 7.270000e+02 3.095115e-01 -2.933017e-03 -5.968940e-04 2.292115e-02 -6.638363e-03 -7.284967e-02
3.000000e+00 7.270000e+02 7.280000e+02 2.981046e-01 6.299134e-04 4.399819e-03 5.689338e-02 -5.478268e-02 -6.179997e-02
3.000000e+00 7.280000e+02 7.290000e+02 2.951990e-01 -2.381228e-03 -1.704679e-04 3.860962e-02 -8.534780e-02 -3.819341e-02
3.000000e+00 7.290000e+02 7.300000e+02 2.925688e-01 2.819208e-03 -5.858350e-05 6.817208e-03 -2.805479e-02 -2.084192e-02
3.000000e+00 7.300000e+02 7.310000e+02 2.884933e-01 5.793524e-03 3.765813e-03 -3.557280e-02 3.775031e-02 1.537003e-02
3.000000e+00 7.310000e+02 7.320000e+02 2.880780e-01 5.406113e-03 3.977805e-03 -3.758926e-02 3.618346e-02 2.133054e-02
3.000000e+00 7.320000e+02 7.330000e+02 2.836523e-01 4.072212e-03 3.877797e-03 -5.112026e-02 2.499380e-02 6.323683e-02
3.000000e+00 7.330000e+02 7.340000e+02 2.808220e-01 3.628102e-03 4.686519e-03 -6.947638e-02 2.030402e-02 7.912567e-02
3.000000e+00 7.340000e+02 7.350000e+02 2.798952e-01 4.701018e-03 -2.073935e-03 -7.080674e-02 3.313694e-03 1.156619e-01
3.000000e+00 7.350000e+02 7.360000e+02 2.803770e-01 3.283778e-03 -2.985442e-03 -5.841501e-03 -8.054143e-03 1.720047e-01
3.000000e+00 7.360000e+02 7.370000e+02 2.804717e-01 6.832595e-03 -2.042544e-03 3.439566e-02 -1.697004e-02 2.600515e-01
3.000000e+00 7.370000e+02 7.380000e+02 2.836529e-01 8.354558e-03 2.090072e-03 3.933259e-02 -4.148052e-03 3.492597e-01
3.000000e+00 7.380000e+02 7.390000e+02 2.837777e-01 1.372942e-02 3.582488e-03 -2.192153e-02 -4.337008e-02 4.582845e-01
3.000000e+00 7.390000e+02 7.400000e+02 2.971582e-01 1.372068e-02 1.042960e-03 -6.147830e-02 -4.092461e-02 5.881688e-01
3.000000e+00 7.400000e+02 7.410000e+02 2.955551e-01 1.242569e-02 1.328347e-03 -1.699033e-02 -6.047892e-02 6.408232e-01
3.000000e+00 7.410000e+02 7.420000e+02 3.000472e-01 1.115660e-02 2.885596e-03 5.890684e-02 -4.074606e-02 7.248144e-01
3.000000e+00 7.420000e+02 7.430000e+02 3.109464e-01 1.413789e-02 -1.655852e-04 -3.614651e-02 -1.184546e-02 8.904509e-01
3.000000e+00 7.430000e+02 7.440000e+02 3.188440e-01 1.968006e-02 -4.481038e-04 -9.959588e-02 -7.054528e-02 1.004939e+00
3.000000e+00 7.440000e+02 7.450000e+02 3.236119e-01 1.846540e-02 -5.130320e-03 -1.245934e-01 -6.815948e-02 1.108809e+00
3.000000e+00 7.450000e+02 7.460000e+02 3.136148e-01 1.454785e-02 -4.851758e-03 2.550240e-02 -1.322319e-01 1.184316e+00
3.000000e+00 7.460000e+02 7.470000e+02 3.226695e-01 1.235512e-02 -4.230187e-03 -1.419187e-03 -1.695616e-01 1.211316e+00
3.000000e+00 7.470000e+02 7.480000e+02 3.225716e-01 1.194217e-02 -9.748114e-04 3.582619e-02 -1.057534e-01 1.254864e+00
3.000000e+00 7.480000e+02 7.490000e+02 3.079145e-01 1.811138e-02 -2.014753e-03 -2.235987e-01 -7.413748e-02 1.285350e+00
3.000000e+00 7.490000e+02 7.500000e+02 3.083528e-01 1.616216e-02 -1.060278e-02 -1.822783e-01 -1.953441e-01 9.541079e-01
3.000000e+00 7.500000e+02 7.510000e+02 3.027204e-01 1.377975e-02 -1.156524e-02 -3.846801e-01 -1.179999e-01 3.341261e-01
3.000000e+00 7.510000e+02 7.520000e+02 2.933745e-01 6.689284e-03 -8.866424e-03 -1.468978e-01 -2.674644e-02 -4.385537e-02
3.000000e+00 7.520000e+02 7.530000e+02 2.841748e-01 -2.133883e-03 -9.941057e-03 -9.252314e-02 -1.512376e-02 -2.967746e-01
3.000000e+00 7.530000e+02 7.540000e+02 2.703432e-01 -7.109254e-03 -7.553277e-03 -3.194423e-02 4.588470e-03 -6.228892e-01
3.000000e+00 7.540000e+02 7.550000e+02 2.679241e-01 -1.348373e-02 -1.813805e-02 1.004590e-01 -3.556848e-03 -8.785066e-01
3.000000e+00 7.550000e+02 7.560000e+02 2.305450e-01 -1.494083e-02 -1.998943e-02 1.582515e-01 -4.698302e-03 -9.507093e-01
3.000000e+00 7.560000e+02 7.570000e+02 2.885975e-01 -2.308381e-02 -1.279768e-02 1.793691e-01 1.533224e-02 -1.195068e+00
3.000000e+00 7.570000e+02 7.580000e+02 2.675913e-01 -1.902146e-02 -1.208668e-02 4.102230e-02 3.172661e-02 -1.286857e+00
3.000000e+00 7.580000e+02 7.590000e+02 2.699764e-01 -1.848411e-02 -1.656722e-02 -3.911940e-02 2.581474e-02 -1.314293e+00
3.000000e+00 7.590000e+02 7.600000e+02 2.642252e-01 -1.651330e-02 -1.620841e-02 -8.118396e-02 5.339402e-02 -1.305977e+00
3.000000e+00 7.600000e+02 7.610000e+02 2.827480e-01 -1.520269e-02 -9.895341e-03 -1.132088e-02 7.504017e-02 -1.248732e+00
3.000000e+00 7.610000e+02 7.620000e+02 2.855990e-01 -1.120880e-02 -3.598475e-03 1.558105e-01 2.637446e-02 -1.146769e+00
3.000000e+00 7.620000e+02 7.630000e+02 2.769485e-01 -1.270946e-02 -3.386324e-03 2.211021e-01 1.859666e-02 -1.021570e+00
3.000000e+00 7.630000e+02 7.640000e+02 2.865693e-01 -1.241998e-02 3.546813e-03 1.138786e-01 2.100721e-02 -9.320769e-01
3.000000e+00 7.640000e+02 7.650000e+02 2.871154e-01 -8.599792e-03 -1.404796e-04 -8.229235e-02 3.449769e-02 -8.323993e-01
3.000000e+00 7.650000e+02 7.660000e+02 2.727849e-01 -1.316194e-02 1.555407e-03 1.218877e-02 1.176473e-01 -5.923243e-01
3.000000e+00 7.660000e+02 7.670000e+02 2.751030e-01 -1.137685e-02 8.574187e-03 4.577331e-02 1.828965e-01 -5.631602e-01
3.000000e+00 7.670000e+02 7.680000e+02 2.504826e-01 -7.211905e-03 6.855983e-03 4.676260e-02 5.763068e-02 -3.801279e-01
3.000000e+00 7.680000e+02 7.690000e+02 2.493281e-01 -5.451962e-03 4.525990e-03 6.012862e-02 -2.189233e-02 -1.247057e-01
3.000000e+00 7.690000e+02 7.700000e+02 2.495750e-01 -3.172102e-03 -4.054939e-03 2.133034e-02 -3.518566e-02 1.664647e-01
3.000000e+00 7.700000e+02 7.710000e+02 2.292806e-01 -1.879629e-03 -1.875906e-03 1.082225e-01 2.000563e-02 3.898130e-01
3.000000e+00 7.710000e+02 7.720000e+02 2.195514e-01 -1.224989e-03 2.357184e-04 1.473924e-01 3.978664e-02 5.826763e-01
3.000000e+00 7.720000e+02 7.730000e+02 2.191729e-01 3.256947e-03 3.428239e-03 -3.860594e-02 4.906792e-02 7.452015e-01
3.000000e+00 7.730000e+02 7.740000e+02 1.989972e-01 1.157926e-02 7.447511e-03 -2.668877e-01 -4.673040e-02 8.357719e-01
3.000000e+00 7.740000e+02 7.750000e+02 1.786290e-01 7.986035e-03 1.382886e-02 -2.211781e-01 -7.036757e-02 8.216046e-01
3.000000e+00 7.750000e+02 7.760000e+02 1.797813e-01 9.938882e-03 2.313182e-03 -1.334544e-01 4.217448e-02 8.669518e-01
3.000000e+00 7.760000e+02 7.770000e+02 1.775540e-01 3.361087e-03 3.144245e-03 -3.122216e-02 1.242453e-01 9.090550e-01
3.000000e+00 7.770000e+02 7.780000e+02 1.463082e-01 -1.191975e-02 2.701173e-03 3.916771e-01 -9.226330e-02 9.114840e-01
3.000000e+00 7.780000e+02 7.790000e+02 1.437543e-01 -1.432892e-02 2.850290e-03 3.896835e-01 -8.194126e-02 9.005695e-01
3.000000e+00 7.790000e+02 7.800000e+02 1.308458e-01 -8.954445e-03 -6.836817e-04 3.260864e-01 -3.411151e-01 9.849485e-01
3.000000e+00 7.800000e+02 7.810000e+02 1.255310e-01 7.995047e-03 -2.435492e-03 -7.566386e-02 -1.330701e-01 9.789779e-01
3.000000e+00 7.810000e+02 7.820000e+02 1.209425e-01 1.054560e-02 -5.447411e-03 -4.164664e-01 8.645372e-02 8.914560e-01
3.000000e+00 7.820000e+02 7.830000e+02 1.271760e-01 5.956579e-03 -8.864575e-03 -2.816594e-01 1.258430e-01 9.185107e-01
3.000000e+00 7.830000e+02 7.840000e+02 1.076276e-01 -2.799822e-03 -8.351115e-03 -7.324444e-02 7.063764e-02 8.162019e-01
3.000000e+00 7.840000e+02 7.850000e+02 9.989207e-02 -4.153594e-03 -1.601611e-03 4.832453e-02 3.091192e-02 7.749924e-01
3.000000e+00 7.850000e+02 7.860000e+02 1.010383e-01 -2.897684e-04 -3.809403e-03 2.450835e-02 1.071964e-02 7.866050e-01
3.000000e+00 7.860000e+02 7.870000e+02 9.471280e-02 -5.016665e-03 -6.511205e-03 2.418299e-02 -7.752926e-03 7.380884e-01
3.000000e+00 7.870000e+02 7.880000e+02 8.864409e-02 -5.987826e-03 -1.170640e-02 7.018730e-02 3.600105e-02 6.955526e-01
3.000000e+00 7.880000e+02 7.890000e+02 8.395936e-02 -9.883630e-03 5.954158e-04 8.292620e-02 8.228244e-02 6.258747e-01
3.000000e+00 7.890000e+02 7.900000e+02 7.596003e-02 -1.626691e-03 6.036928e-03 -1.002752e-01 2.167165e-02 5.057603e-01
3.000000e+00 7.900000e+02 7.910000e+02 6.450492e-02 1.173758e-02 2.505125e-03 -3.582893e-01 -6.241875e-02 5.238035e-01
3.000000e+00 7.910000e+02 7.920000e+02 6.112490e-02 1.838493e-02 -6.522174e-04 -5.124177e-01 -1.459455e-01 6.464045e-01
3.000000e+00 7.920000e+02 7.930000e+02 5.381210e-02 1.320921e-02 -2.552987e-03 -3.289193e-01 -1.114914e-01 4.254424e-01
3.000000e+00 7.930000e+02 7.940000e+02 5.538236e-02 3.987283e-03 4.037701e-04 3.158805e-02 4.019382e-02 3.340434e-01
3.000000e+00 7.940000e+02 7.950000e+02 5.491931e-02 -7.281827e-03 -2.452421e-03 3.037551e-01 1.397111e-01 4.278521e-01
3.000000e+00 7.950000e+02 7.960000e+02 5.446194e-02 -4.213809e-03 7.392085e-04 2.900096e-01 1.344183e-01 3.313312e-01
3.000000e+00 7.960000e+02 7.970000e+02 4.876096e-02 3.336931e-03 5.187199e-03 4.517594e-02 8.207493e-02 2.626697e-01
3.000000e+00 7.970000e+02 7.980000e+02 4.257204e-02 1.004327e-02 8.894392e-03 -2.135166e-01 2.728079e-02 3.760072e-01
3.000000e+00 7.980000e+02 7.990000e+02 3.955600e-02 1.211718e-02 -1.484394e-04 -2.828189e-01 -2.180239e-02 3.293080e-01
3.000000e+00 7.990000e+02 8.000000e+02 3.814428e-02 8.770983e-03 -1.119083e-03 -2.068802e-01 -4.527959e-02 2.241412e-01
