4.000000e+00 0.000000e+00 1.000000e+00 1.310828e+00 -3.942406e-03 1.013586e-02 5.200167e-02 7.576103e-02 1.231262e-02
4.000000e+00 1.000000e+00 2.000000e+00 1.314799e+00 -2.158923e-03 1.720296e-02 4.276121e-02 3.038177e-02 1.963369e-02
4.000000e+00 2.000000e+00 3.000000e+00 1.316406e+00 -5.034602e-03 1.444109e-02 1.011174e-01 -7.607810e-02 9.021469e-03
4.000000e+00 3.000000e+00 4.000000e+00 1.319409e+00 -4.178844e-03 1.403186e-02 1.272019e-02 1.592421e-02 -5.040513e-03
4.000000e+00 4.000000e+00 5.000000e+00 1.320750e+00 -4.672452e-03 9.393112e-03 1.667215e-02 4.736627e-02 -7.185861e-03
4.000000e+00 5.000000e+00 6.000000e+00 1.327263e+00 -6.650049e-03 9.016623e-03 9.055787e-02 6.023073e-02 -6.025236e-03
4.000000e+00 6.000000e+00 7.000000e+00 1.330300e+00 -3.797246e-03 1.145036e-02 -1.811533e-02 5.091879e-02 1.059379e-02
4.000000e+00 7.000000e+00 8.000000e+00 1.330579e+00 -2.709591e-03 1.250919e-02 -3.188951e-02 -9.830118e-02 1.498924e-02
4.000000e+00 8.000000e+00 9.000000e+00 1.334477e+00 -2.495316e-03 6.614349e-03 -1.568070e-01 -1.516442e-01 6.207732e-03
4.000000e+00 9.000000e+00 1.000000e+01 1.337817e+00 -4.587177e-05 3.237594e-03 -1.976048e-01 -5.342220e-02 -1.842793e-02
4.000000e+00 1.000000e+01 1.100000e+01 1.338533e+00 2.078237e-03 8.248803e-03 -1.386078e-01 8.656846e-03 -4.255663e-03
4.000000e+00 1.100000e+01 1.200000e+01 1.350372e+00 7.335161e-04 1.120491e-02 -7.027679e-02 4.068839e-02 -7.280972e-03
4.000000e+00 1.200000e+01 1.300000e+01 1.351856e+00 -4.813076e-03 9.555798e-03 1.259894e-01 1.514480e-01 -2.263123e-02
4.000000e+00 1.300000e+01 1.400000e+01 1.352696e+00 -7.590615e-03 1.164658e-02 2.231404e-01 1.274554e-01 -1.285751e-02
4.000000e+00 1.400000e+01 1.500000e+01 1.351872e+00 -7.070290e-03 1.204248e-02 1.568215e-01 -1.245487e-01 1.482790e-02
4.000000e+00 1.500000e+01 1.600000e+01 1.354482e+00 -1.910339e-03 1.609345e-02 8.462345e-02 -1.368686e-01 9.873472e-03
4.000000e+00 1.600000e+01 1.700000e+01 1.364548e+00 2.424934e-03 1.899956e-02 -1.304546e-01 -8.633453e-02 -3.712482e-02
4.000000e+00 1.700000e+01 1.800000e+01 1.366622e+00 5.096668e-03 1.334060e-02 -1.716415e-01 7.508050e-02 -4.543300e-02
4.000000e+00 1.800000e+01 1.900000e+01 1.377182e+00 1.718456e-03 1.402577e-02 -7.465331e-02 3.553027e-01 -3.652249e-02
4.000000e+00 1.900000e+01 2.000000e+01 1.371644e+00 -4.756412e-03 1.693541e-02 1.425912e-01 2.155828e-03 -2.538106e-02
4.000000e+00 2.000000e+01 2.100000e+01 1.374325e+00 -6.911654e-03 2.084471e-02 2.458546e-01 -9.098448e-02 2.171411e-02
4.000000e+00 2.100000e+01 2.200000e+01 1.375262e+00 -3.225718e-03 1.851470e-02 3.405871e-02 -1.473475e-01 -2.544739e-03
4.000000e+00 2.200000e+01 2.300000e+01 1.379667e+00 -2.348156e-03 1.831083e-02 1.390704e-02 -1.313346e-01 -2.396349e-02
4.000000e+00 2.300000e+01 2.400000e+01 1.385597e+00 2.387785e-03 1.540054e-02 -1.900779e-01 -2.307788e-02 -4.330547e-02
4.000000e+00 2.400000e+01 2.500000e+01 1.382505e+00 4.869962e-04 1.563222e-02 -5.423379e-02 -1.208942e-01 -2.299727e-02
4.000000e+00 2.500000e+01 2.600000e+01 1.393235e+00 4.728329e-04 1.681357e-02 -5.121754e-02 -2.649415e-02 4.260910e-03
4.000000e+00 2.600000e+01 2.700000e+01 1.397489e+00 2.064096e-04 1.768112e-02 -3.904180e-03 1.319695e-01 6.079247e-03
4.000000e+00 2.700000e+01 2.800000e+01 1.398281e+00 -1.005132e-03 1.441601e-02 -4.391056e-02 9.150959e-02 2.516113e-02
4.000000e+00 2.800000e+01 2.900000e+01 1.395774e+00 -2.022948e-04 1.470010e-02 -1.548674e-01 -1.797756e-02 2.207093e-03
4.000000e+00 2.900000e+01 3.000000e+01 1.402902e+00 -8.088394e-04 1.016001e-02 -1.453977e-01 -1.009987e-02 -7.115096e-03
4.000000e+00 3.000000e+01 3.100000e+01 1.406823e+00 1.903908e-03 1.730426e-02 -1.233452e-01 2.950459e-02 6.325613e-04
4.000000e+00 3.100000e+01 3.200000e+01 1.407724e+00 -7.091053e-04 1.430988e-02 -6.320849e-02 1.585730e-02 1.597531e-02
4.000000e+00 3.200000e+01 3.300000e+01 1.409721e+00 -4.028125e-03 1.473780e-02 6.025300e-02 -2.409209e-02 2.393517e-02
4.000000e+00 3.300000e+01 3.400000e+01 1.413120e+00 -4.388247e-03 1.149868e-02 4.800524e-02 -3.646507e-02 3.874652e-02
4.000000e+00 3.400000e+01 3.500000e+01 1.415943e+00 -4.011611e-03 1.189734e-02 3.627503e-02 4.161929e-02 5.533975e-02
4.000000e+00 3.500000e+01 3.600000e+01 1.422769e+00 -1.637253e-03 1.391870e-02 -1.157784e-02 4.841697e-02 5.820977e-02
4.000000e+00 3.600000e+01 3.700000e+01 1.422664e+00 -1.704353e-03 1.363329e-02 -3.613339e-02 1.411364e-02 6.132346e-02
4.000000e+00 3.700000e+01 3.800000e+01 1.426189e+00 -2.357849e-03 1.302179e-02 9.499885e-04 -2.269283e-02 6.702943e-02
4.000000e+00 3.800000e+01 3.900000e+01 1.429028e+00 -3.184394e-03 1.094234e-02 -1.319775e-02 7.242936e-02 6.468949e-02
4.000000e+00 3.900000e+01 4.000000e+01 1.427634e+00 -3.894698e-03 1.527684e-02 8.003738e-02 5.457034e-02 4.608942e-02
4.000000e+00 4.000000e+01 4.100000e+01 1.432009e+00 -5.498459e-03 1.486993e-02 8.580043e-02 -5.696246e-03 3.610837e-02
4.000000e+00 4.100000e+01 4.200000e+01 1.428919e+00 -6.853993e-03 1.494599e-02 1.308916e-01 -2.565690e-02 3.470618e-02
4.000000e+00 4.200000e+01 4.300000e+01 1.428226e+00 -7.831944e-03 1.195032e-02 7.724879e-02 2.488737e-02 4.116216e-03
4.000000e+00 4.300000e+01 4.400000e+01 1.429628e+00 -7.368952e-03 1.460084e-02 6.951102e-02 3.661447e-02 -2.477983e-02
4.000000e+00 4.400000e+01 4.500000e+01 1.424864e+00 -6.494290e-03 1.602344e-02 5.867486e-02 3.615585e-02 -2.205706e-02
4.000000e+00 4.500000e+01 4.600000e+01 1.424045e+00 -5.677764e-03 1.949812e-02 1.104788e-01 -2.485939e-02 -2.545978e-02
4.000000e+00 4.600000e+01 4.700000e+01 1.419862e+00 -7.428512e-03 1.605414e-02 8.568980e-02 -4.863607e-02 -2.829999e-02
4.000000e+00 4.700000e+01 4.800000e+01 1.417554e+00 -5.007813e-03 1.611819e-02 -4.750138e-03 -3.250300e-02 -3.722194e-02
4.000000e+00 4.800000e+01 4.900000e+01 1.413796e+00 -2.905606e-03 1.451507e-02 -9.986372e-02 3.999497e-03 -4.554876e-02
4.000000e+00 4.900000e+01 5.000000e+01 1.413047e+00 3.420410e-03 2.042523e-02 -1.622722e-01 7.687167e-02 -2.634924e-02
4.000000e+00 5.000000e+01 5.100000e+01 1.414249e+00 2.506573e-03 1.818897e-02 -2.098077e-01 7.579511e-02 -4.281836e-02
4.000000e+00 5.100000e+01 5.200000e+01 1.409874e+00 3.966471e-03 1.847374e-02 -2.091646e-01 3.236729e-02 -4.179233e-02
4.000000e+00 5.200000e+01 5.300000e+01 1.400084e+00 3.922446e-03 1.631670e-02 -2.576381e-01 -2.177369e-02 -3.673961e-02
4.000000e+00 5.300000e+01 5.400000e+01 1.402586e+00 2.283296e-03 1.529898e-02 -1.759430e-01 -2.706607e-02 -4.032619e-02
4.000000e+00 5.400000e+01 5.500000e+01 1.402082e+00 4.874850e-03 2.135332e-02 -1.234087e-01 -1.473183e-02 -3.934190e-02
4.000000e+00 5.500000e+01 5.600000e+01 1.396343e+00 4.215518e-04 1.783236e-02 -1.569312e-02 7.824857e-03 -1.911782e-02
4.000000e+00 5.600000e+01 5.700000e+01 1.394220e+00 -2.292949e-03 1.734670e-02 7.075125e-02 9.444626e-03 -9.215342e-03
4.000000e+00 5.700000e+01 5.800000e+01 1.390449e+00 -3.696985e-03 1.570138e-02 6.682243e-02 -5.470223e-02 2.935774e-03
4.000000e+00 5.800000e+01 5.900000e+01 1.385543e+00 -1.241722e-03 1.773414e-02 4.287323e-02 -7.533521e-03 1.572581e-02
4.000000e+00 5.900000e+01 6.000000e+01 1.386332e+00 -1.242961e-03 1.644319e-02 -2.445091e-03 1.532985e-02 1.345599e-02
4.000000e+00 6.000000e+01 6.100000e+01 1.386471e+00 3.020613e-03 1.761887e-02 2.618711e-02 -3.023730e-02 3.012146e-02
4.000000e+00 6.100000e+01 6.200000e+01 1.382037e+00 6.046212e-03 1.612668e-02 -2.001974e-02 1.997928e-02 4.189993e-02
4.000000e+00 6.200000e+01 6.300000e+01 1.384661e+00 1.125840e-02 2.009560e-02 2.226846e-02 3.983094e-02 5.415405e-02
4.000000e+00 6.300000e+01 6.400000e+01 1.379070e+00 4.599772e-03 1.691388e-02 1.223203e-01 5.920795e-02 6.536503e-02
4.000000e+00 6.400000e+01 6.500000e+01 1.377358e+00 7.600056e-03 1.867625e-02 1.232620e-01 3.957374e-02 6.922089e-02
4.000000e+00 6.500000e+01 6.600000e+01 1.368961e+00 5.430893e-03 1.690542e-02 1.141590e-01 8.699131e-03 3.522352e-02
4.000000e+00 6.600000e+01 6.700000e+01 1.366064e+00 9.099264e-03 1.802233e-02 7.405273e-02 -3.940825e-02 2.627742e-02
4.000000e+00 6.700000e+01 6.800000e+01 1.362162e+00 8.431322e-03 1.675353e-02 7.024674e-02 -3.011593e-02 1.516511e-02
4.000000e+00 6.800000e+01 6.900000e+01 1.357493e+00 1.539632e-02 1.848137e-02 -3.786296e-02 -2.187457e-02 7.784151e-03
4.000000e+00 6.900000e+01 7.000000e+01 1.353153e+00 1.264532e-02 1.764509e-02 1.132806e-02 -3.959211e-02 -7.312593e-03
4.000000e+00 7.000000e+01 7.100000e+01 1.351730e+00 1.199107e-02 1.694331e-02 -4.177737e-02 -3.842235e-02 -1.403934e-02
4.000000e+00 7.100000e+01 7.200000e+01 1.349863e+00 1.409638e-02 1.727966e-02 -9.169906e-02 7.871465e-03 -2.046282e-02
4.000000e+00 7.200000e+01 7.300000e+01 1.345380e+00 6.298103e-03 1.390922e-02 -2.649411e-02 7.905062e-02 -1.294484e-02
4.000000e+00 7.300000e+01 7.400000e+01 1.345345e+00 1.323471e-02 1.963201e-02 -7.432770e-02 8.962737e-02 -7.801597e-03
4.000000e+00 7.400000e+01 7.500000e+01 1.340476e+00 9.813618e-03 1.895603e-02 3.004126e-02 -7.503970e-02 -4.040461e-03
4.000000e+00 7.500000e+01 7.600000e+01 1.338508e+00 1.115636e-02 1.834090e-02 6.536666e-03 -1.513476e-01 -6.819311e-03
4.000000e+00 7.600000e+01 7.700000e+01 1.336303e+00 2.812149e-03 1.161981e-02 3.063622e-02 -6.750930e-02 1.523145e-03
4.000000e+00 7.700000e+01 7.800000e+01 1.344792e+00 1.139313e-02 1.885311e-02 1.222753e-01 7.463932e-02 -8.118789e-03
4.000000e+00 7.800000e+01 7.900000e+01 1.341408e+00 9.401628e-03 1.854224e-02 1.356978e-01 1.211136e-01 -3.437226e-02
4.000000e+00 7.900000e+01 8.000000e+01 1.338387e+00 1.686325e-02 2.356593e-02 9.035823e-02 3.833676e-02 -5.266462e-02
4.000000e+00 8.000000e+01 8.100000e+01 1.331984e+00 1.573940e-02 2.160882e-02 5.022292e-02 -8.255075e-02 -4.176296e-02
4.000000e+00 8.100000e+01 8.200000e+01 1.328329e+00 1.578586e-02 1.987464e-02 -1.096984e-01 -1.371824e-01 -3.867184e-02
4.000000e+00 8.200000e+01 8.300000e+01 1.323538e+00 5.701784e-03 1.279352e-02 -1.123534e-01 -1.253199e-01 -6.260502e-02
4.000000e+00 8.300000e+01 8.400000e+01 1.331615e+00 6.655330e-03 1.153116e-02 -1.745591e-01 -1.183367e-02 -7.998638e-02
4.000000e+00 8.400000e+01 8.500000e+01 1.333178e+00 4.652155e-03 1.022736e-02 -8.247677e-02 1.256074e-01 -7.977507e-02
4.000000e+00 8.500000e+01 8.600000e+01 1.334663e+00 2.348122e-03 1.151478e-02 -5.545204e-03 1.405538e-01 -5.890732e-02
4.000000e+00 8.600000e+01 8.700000e+01 1.333994e+00 8.731783e-04 1.065636e-02 5.697928e-02 4.062693e-02 -4.449896e-02
4.000000e+00 8.700000e+01 8.800000e+01 1.343170e+00 7.649425e-03 1.760378e-02 -2.936422e-02 -4.229938e-02 -5.890937e-02
4.000000e+00 8.800000e+01 8.900000e+01 1.363886e+00 2.012223e-02 3.096111e-02 -1.013298e-01 -2.643528e-02 -7.086224e-02
4.000000e+00 8.900000e+01 9.000000e+01 1.355793e+00 1.669867e-02 2.482800e-02 -1.165913e-01 -2.071981e-02 -6.498686e-02
4.000000e+00 9.000000e+01 9.100000e+01 1.359253e+00 1.548870e-02 2.527635e-02 -4.330287e-02 -6.053340e-02 -6.476775e-02
4.000000e+00 9.100000e+01 9.200000e+01 1.353613e+00 1.276419e-02 1.963024e-02 -6.284250e-02 -3.159474e-02 -6.261000e-02
4.000000e+00 9.200000e+01 9.300000e+01 1.355460e+00 1.856520e-02 3.286388e-02 4.778682e-02 -1.451911e-02 -5.259393e-02
4.000000e+00 9.300000e+01 9.400000e+01 1.357246e+00 1.422870e-02 2.530787e-02 2.960951e-02 4.568959e-02 -4.348168e-02
4.000000e+00 9.400000e+01 9.500000e+01 1.357566e+00 1.672082e-02 2.918832e-02 5.453717e-02 8.782210e-02 -4.708760e-02
4.000000e+00 9.500000e+01 9.600000e+01 1.348743e+00 1.114190e-02 2.211540e-02 5.701389e-02 4.194121e-03 -1.855770e-02
4.000000e+00 9.600000e+01 9.700000e+01 1.354069e+00 1.115573e-02 2.420336e-02 1.188834e-01 2.209267e-02 1.005784e-03
4.000000e+00 9.700000e+01 9.800000e+01 1.351743e+00 1.480596e-02 3.183209e-02 9.545016e-02 2.981042e-02 1.846739e-02
4.000000e+00 9.800000e+01 9.900000e+01 1.353144e+00 1.598859e-02 3.246019e-02 8.673748e-02 -2.128413e-02 3.025396e-02
4.000000e+00 9.900000e+01 1.000000e+02 1.345992e+00 1.245978e-02 2.447542e-02 9.149943e-02 -5.214493e-03 7.129281e-02
4.000000e+00 1.000000e+02 1.010000e+02 1.351878e+00 1.265724e-02 2.532587e-02 7.190763e-02 5.720507e-02 6.159921e-02
4.000000e+00 1.010000e+02 1.020000e+02 1.350214e+00 1.076856e-02 2.477782e-02 8.983337e-02 1.731283e-02 5.815764e-02
4.000000e+00 1.020000e+02 1.030000e+02 1.350266e+00 1.300063e-02 3.128787e-02 4.306851e-02 -5.755842e-03 7.423944e-02
4.000000e+00 1.030000e+02 1.040000e+02 1.349250e+00 1.112746e-02 2.491983e-02 1.527768e-02 -2.702868e-02 7.147051e-02
4.000000e+00 1.040000e+02 1.050000e+02 1.347664e+00 1.074559e-02 2.283147e-02 2.201866e-02 -2.911122e-02 5.926724e-02
4.000000e+00 1.050000e+02 1.060000e+02 1.347796e+00 9.229065e-03 2.372221e-02 9.397522e-02 -1.022399e-01 5.509365e-02
4.000000e+00 1.060000e+02 1.070000e+02 1.343293e+00 5.885968e-03 2.543858e-02 3.171167e-01 -8.347499e-02 6.201868e-02
4.000000e+00 1.070000e+02 1.080000e+02 1.353085e+00 5.009909e-03 2.963173e-02 3.897160e-01 1.605832e-01 6.316864e-02
4.000000e+00 1.080000e+02 1.090000e+02 1.349336e+00 -6.502368e-04 2.282873e-02 4.380937e-01 5.334012e-02 8.177812e-02
4.000000e+00 1.090000e+02 1.100000e+02 1.344970e+00 4.693485e-03 2.572999e-02 1.904168e-01 -1.386567e-01 6.866834e-02
4.000000e+00 1.100000e+02 1.110000e+02 1.343420e+00 7.500416e-03 1.962342e-02 4.358634e-03 -2.292892e-01 -1.031207e-02
4.000000e+00 1.110000e+02 1.120000e+02 1.345747e+00 1.519934e-02 2.399079e-02 -2.035384e-01 -1.013314e-01 -4.668586e-02
4.000000e+00 1.120000e+02 1.130000e+02 1.347243e+00 6.211361e-03 1.632067e-02 -1.492900e-02 3.052386e-04 -4.306215e-02
4.000000e+00 1.130000e+02 1.140000e+02 1.349073e+00 -8.941345e-04 1.694697e-02 1.559197e-01 1.797541e-01 -3.820813e-02
4.000000e+00 1.140000e+02 1.150000e+02 1.350396e+00 -7.104511e-03 1.647494e-02 3.120850e-01 1.855456e-01 -3.208715e-02
4.000000e+00 1.150000e+02 1.160000e+02 1.349145e+00 -8.889056e-03 1.836328e-02 2.381135e-01 4.070084e-02 -1.795319e-03
4.000000e+00 1.160000e+02 1.170000e+02 1.346800e+00 -6.469954e-03 1.843010e-02 1.029243e-01 2.112717e-02 2.448309e-03
4.000000e+00 1.170000e+02 1.180000e+02 1.350502e+00 -3.161739e-03 2.199929e-02 -8.928330e-02 2.087080e-02 -4.670932e-02
4.000000e+00 1.180000e+02 1.190000e+02 1.349829e+00 2.954216e-03 2.053794e-02 -2.258992e-01 -2.081583e-02 -6.801260e-02
4.000000e+00 1.190000e+02 1.200000e+02 1.350605e+00 -1.246818e-03 2.233068e-02 -1.965662e-01 -1.377918e-01 -5.006095e-02
4.000000e+00 1.200000e+02 1.210000e+02 1.351262e+00 -1.412021e-03 1.638345e-02 -1.628273e-01 -4.869562e-02 -4.147004e-02
4.000000e+00 1.210000e+02 1.220000e+02 1.358553e+00 -1.450657e-03 1.741686e-02 -1.153045e-01 7.692885e-02 -2.309946e-02
4.000000e+00 1.220000e+02 1.230000e+02 1.361126e+00 -2.732610e-03 2.027469e-02 -9.379204e-02 -1.097582e-02 1.371376e-02
4.000000e+00 1.230000e+02 1.240000e+02 1.360135e+00 2.094314e-04 1.737651e-02 -1.097117e-01 -1.380955e-01 3.016293e-02
4.000000e+00 1.240000e+02 1.250000e+02 1.359543e+00 3.170730e-03 1.699824e-02 -1.995872e-01 -1.664202e-01 3.170232e-02
4.000000e+00 1.250000e+02 1.260000e+02 1.364422e+00 -2.180293e-02 4.508901e-03 -2.804802e-01 -7.448747e-02 1.336381e-02
4.000000e+00 1.260000e+02 1.270000e+02 1.369075e+00 -1.718333e-02 1.283381e-02 -2.633148e-01 4.858896e-02 -1.537513e-02
4.000000e+00 1.270000e+02 1.280000e+02 1.376715e+00 -3.997550e-03 1.206205e-02 -1.908039e-01 1.422274e-01 -2.873081e-02
4.000000e+00 1.280000e+02 1.290000e+02 1.379858e+00 -1.254176e-02 1.164606e-02 -2.067799e-02 1.132926e-01 -6.540817e-03
4.000000e+00 1.290000e+02 1.300000e+02 1.376778e+00 -1.212958e-02 -2.523155e-03 1.639567e-01 7.657242e-02 4.450774e-02
4.000000e+00 1.300000e+02 1.310000e+02 1.375575e+00 -1.427184e-02 2.522254e-03 1.469298e-01 -8.930376e-03 9.513140e-02
4.000000e+00 1.310000e+02 1.320000e+02 1.381069e+00 -5.140177e-03 1.013333e-02 2.471342e-02 -2.356584e-01 1.177002e-01
4.000000e+00 1.320000e+02 1.330000e+02 1.379190e+00 -4.585224e-03 7.141515e-03 -6.048098e-02 -2.583570e-01 8.579371e-02
4.000000e+00 1.330000e+02 1.340000e+02 1.388558e+00 3.610150e-03 7.072663e-03 -2.735768e-01 -5.232452e-02 3.606011e-02
4.000000e+00 1.340000e+02 1.350000e+02 1.394445e+00 2.340344e-03 6.756626e-03 -2.327153e-01 8.015470e-02 9.261494e-03
4.000000e+00 1.350000e+02 1.360000e+02 1.395906e+00 -7.055195e-03 5.952075e-03 -9.780304e-02 1.762823e-01 -1.372196e-02
4.000000e+00 1.360000e+02 1.370000e+02 1.399754e+00 -7.688156e-03 1.372415e-02 -4.511864e-02 1.249343e-01 -2.210844e-02
4.000000e+00 1.370000e+02 1.380000e+02 1.401747e+00 -1.800876e-03 1.892264e-02 3.682472e-02 4.664751e-02 -4.312422e-03
4.000000e+00 1.380000e+02 1.390000e+02 1.404714e+00 -3.891655e-03 1.845558e-02 8.571466e-02 4.452748e-02 3.298641e-03
4.000000e+00 1.390000e+02 1.400000e+02 1.408176e+00 -6.124581e-03 2.015731e-02 1.482720e-01 2.476039e-02 1.360894e-05
4.000000e+00 1.400000e+02 1.410000e+02 1.408650e+00 -4.194441e-03 2.261201e-02 1.524654e-01 4.732152e-04 -2.254197e-02
4.000000e+00 1.410000e+02 1.420000e+02 1.418636e+00 -4.216580e-03 2.523302e-02 1.716464e-01 5.494478e-02 -1.970751e-02
4.000000e+00 1.420000e+02 1.430000e+02 1.419764e+00 -4.279449e-03 2.415005e-02 2.332944e-01 1.032098e-01 -2.426618e-02
4.000000e+00 1.430000e+02 1.440000e+02 1.421815e+00 8.091827e-04 3.605779e-02 1.968072e-01 1.752312e-03 -1.421790e-02
4.000000e+00 1.440000e+02 1.450000e+02 1.419979e+00 5.029802e-03 2.926777e-02 -1.066377e-01 -2.417350e-01 -1.167955e-02
4.000000e+00 1.450000e+02 1.460000e+02 1.423010e+00 1.652847e-02 3.993538e-02 -3.745409e-01 -3.212096e-01 -2.370660e-02
4.000000e+00 1.460000e+02 1.470000e+02 1.433493e+00 1.943267e-02 2.535206e-02 -5.356487e-01 -2.828777e-02 -6.316703e-02
4.000000e+00 1.470000e+02 1.480000e+02 1.438205e+00 2.001163e-02 2.312717e-02 -4.742523e-01 2.430464e-01 -7.607334e-02
4.000000e+00 1.480000e+02 1.490000e+02 1.438032e+00 8.194167e-03 1.279905e-02 -8.510132e-02 1.379363e-01 -4.157379e-02
4.000000e+00 1.490000e+02 1.500000e+02 1.438022e+00 1.588944e-03 1.431591e-02 1.168258e-01 -2.996580e-03 2.970939e-02
4.000000e+00 1.500000e+02 1.510000e+02 1.448035e+00 5.688334e-06 1.502858e-02 1.775330e-01 1.908854e-03 6.572922e-02
4.000000e+00 1.510000e+02 1.520000e+02 1.449702e+00 1.167812e-03 1.269299e-02 1.424408e-01 -5.223032e-03 6.345159e-02
4.000000e+00 1.520000e+02 1.530000e+02 1.455352e+00 2.396725e-03 1.354332e-02 -2.064899e-02 -5.058599e-02 2.910905e-02
4.000000e+00 1.530000e+02 1.540000e+02 1.461924e+00 5.919916e-03 2.372083e-02 -8.274596e-02 7.901423e-03 6.760284e-03
4.000000e+00 1.540000e+02 1.550000e+02 1.460672e+00 6.097439e-03 2.246730e-02 -7.161785e-02 5.609146e-02 8.023421e-03
4.000000e+00 1.550000e+02 1.560000e+02 1.469088e+00 4.537109e-03 2.693741e-02 3.377455e-02 -7.993739e-03 1.321010e-02
4.000000e+00 1.560000e+02 1.570000e+02 1.472269e+00 -1.050099e-04 2.183485e-02 2.413886e-02 -8.061232e-02 2.166617e-02
4.000000e+00 1.570000e+02 1.580000e+02 1.475260e+00 -1.937179e-03 1.533293e-02 4.305982e-02 -5.693314e-03 1.076529e-02
4.000000e+00 1.580000e+02 1.590000e+02 1.480622e+00 3.743275e-03 1.881646e-02 -1.997166e-02 1.945002e-02 2.606082e-02
4.000000e+00 1.590000e+02 1.600000e+02 1.477464e+00 4.963193e-03 2.062326e-02 -1.778260e-03 -3.158057e-02 1.935562e-02
4.000000e+00 1.600000e+02 1.610000e+02 1.486307e+00 2.348171e-03 2.119403e-02 -2.842122e-03 -1.564941e-02 1.122812e-02
4.000000e+00 1.610000e+02 1.620000e+02 1.484295e+00 2.202983e-03 1.596143e-02 -6.280705e-02 3.213257e-03 2.026965e-02
4.000000e+00 1.620000e+02 1.630000e+02 1.489658e+00 -1.130922e-03 1.608528e-02 2.056324e-02 -2.350351e-02 1.921438e-02
4.000000e+00 1.630000e+02 1.640000e+02 1.490384e+00 -1.522561e-03 1.339538e-02 -2.869971e-02 6.383223e-03 1.539870e-02
4.000000e+00 1.640000e+02 1.650000e+02 1.491320e+00 -3.930702e-03 1.803732e-02 5.411710e-02 7.659411e-03 5.785164e-03
4.000000e+00 1.650000e+02 1.660000e+02 1.491025e+00 -3.561456e-03 1.386665e-02 7.174750e-02 -3.652663e-02 -7.245198e-03
4.000000e+00 1.660000e+02 1.670000e+02 1.494477e+00 -5.479517e-03 1.020743e-02 6.480090e-02 2.008134e-02 -9.766067e-03
4.000000e+00 1.670000e+02 1.680000e+02 1.496922e+00 -5.256617e-03 1.283452e-02 9.102255e-02 4.289370e-02 -1.152261e-02
4.000000e+00 1.680000e+02 1.690000e+02 1.495913e+00 -3.499829e-03 1.655800e-02 9.128092e-03 2.488554e-02 7.250555e-04
4.000000e+00 1.690000e+02 1.700000e+02 1.501397e+00 -4.482569e-04 2.108448e-02 -2.153666e-02 -9.089241e-03 4.872303e-03
4.000000e+00 1.700000e+02 1.710000e+02 1.505729e+00 -1.046983e-03 2.162831e-02 -3.974310e-02 -7.054690e-02 -1.307162e-02
4.000000e+00 1.710000e+02 1.720000e+02 1.505605e+00 5.809520e-04 1.966389e-02 -7.305853e-02 4.594279e-02 -2.934739e-02
4.000000e+00 1.720000e+02 1.730000e+02 1.510803e+00 -3.763475e-04 2.033688e-02 -1.818064e-02 1.393870e-01 -3.519698e-02
4.000000e+00 1.730000e+02 1.740000e+02 1.511080e+00 -1.724162e-03 2.093841e-02 1.527144e-02 2.238891e-02 -2.916365e-02
4.000000e+00 1.740000e+02 1.750000e+02 1.516136e+00 -3.493817e-04 2.316723e-02 -1.452001e-02 -9.095203e-02 -2.819760e-02
4.000000e+00 1.750000e+02 1.760000e+02 1.514779e+00 -1.609149e-03 1.928957e-02 1.677351e-03 -7.781792e-02 -3.252588e-02
4.000000e+00 1.760000e+02 1.770000e+02 1.521312e+00 -1.018400e-03 1.431662e-02 -5.912176e-02 2.630263e-02 -1.697342e-02
4.000000e+00 1.770000e+02 1.780000e+02 1.524846e+00 -3.137541e-03 1.539076e-02 2.812019e-02 5.387888e-02 -3.090169e-03
4.000000e+00 1.780000e+02 1.790000e+02 1.520705e+00 -1.963986e-03 1.567389e-02 -4.399811e-03 4.217085e-02 1.814626e-02
4.000000e+00 1.790000e+02 1.800000e+02 1.528377e+00 -1.159013e-03 1.927427e-02 -1.862301e-02 1.876291e-02 1.328689e-02
4.000000e+00 1.800000e+02 1.810000e+02 1.527827e+00 -1.684918e-03 1.508266e-02 -8.399752e-02 5.548037e-03 -1.738340e-03
4.000000e+00 1.810000e+02 1.820000e+02 1.533023e+00 -1.827104e-03 1.538135e-02 -5.621496e-02 1.931673e-03 -1.133457e-02
4.000000e+00 1.820000e+02 1.830000e+02 1.531611e+00 -1.906935e-03 1.368524e-02 -3.435945e-02 1.333253e-03 6.684940e-03
4.000000e+00 1.830000e+02 1.840000e+02 1.534657e+00 -3.552310e-03 1.758795e-02 9.043120e-02 1.818123e-02 -9.483063e-04
4.000000e+00 1.840000e+02 1.850000e+02 1.538395e+00 -3.351983e-03 1.839636e-02 8.587950e-02 5.162193e-02 5.812609e-03
4.000000e+00 1.850000e+02 1.860000e+02 1.539287e+00 -5.711346e-03 1.917923e-02 1.617685e-01 5.817365e-02 -3.637634e-03
4.000000e+00 1.860000e+02 1.870000e+02 1.534924e+00 -5.038650e-03 1.878063e-02 8.825391e-02 -4.492825e-02 1.724470e-02
4.000000e+00 1.870000e+02 1.880000e+02 1.537887e+00 -4.850670e-03 1.704725e-02 7.026173e-02 -8.122213e-02 1.474281e-02
4.000000e+00 1.880000e+02 1.890000e+02 1.538485e+00 -3.276033e-03 2.085038e-02 1.115154e-01 1.037161e-01 -3.260316e-02
4.000000e+00 1.890000e+02 1.900000e+02 1.546211e+00 9.349420e-04 2.710808e-02 6.029694e-02 1.449265e-01 -2.461590e-02
4.000000e+00 1.900000e+02 1.910000e+02 1.540887e+00 -2.215805e-03 3.759170e-02 1.113509e-01 -5.760995e-02 -8.641990e-03
4.000000e+00 1.910000e+02 1.920000e+02 1.539574e+00 -1.093455e-03 3.197908e-02 4.833644e-02 -8.799271e-02 -1.754054e-02
4.000000e+00 1.920000e+02 1.930000e+02 1.539550e+00 2.256983e-03 3.517315e-02 -5.584153e-02 -4.406566e-03 -3.662456e-02
4.000000e+00 1.930000e+02 1.940000e+02 1.541585e+00 3.183450e-03 3.436430e-02 -8.481431e-02 2.233294e-02 -6.141459e-02
4.000000e+00 1.940000e+02 1.950000e+02 1.546521e+00 4.210024e-03 3.777629e-02 -9.759581e-02 -2.345636e-02 -5.457589e-02
4.000000e+00 1.950000e+02 1.960000e+02 1.542437e+00 4.366371e-03 3.104628e-02 -6.860697e-02 -4.490421e-03 -5.474573e-02
4.000000e+00 1.960000e+02 1.970000e+02 1.546459e+00 8.580424e-03 4.565937e-02 -4.360201e-02 -2.022405e-02 -4.522696e-02
4.000000e+00 1.970000e+02 1.980000e+02 1.541842e+00 4.421498e-03 3.571113e-02 -2.054818e-02 -3.412732e-02 -4.818250e-02
4.000000e+00 1.980000e+02 1.990000e+02 1.550113e+00 5.768068e-03 4.326880e-02 3.069540e-02 -2.577232e-02 -5.240256e-02
4.000000e+00 1.990000e+02 2.000000e+02 1.550947e+00 1.034542e-03 2.922291e-02 3.342336e-02 9.836299e-03 -4.819257e-02
4.000000e+00 2.000000e+02 2.010000e+02 1.554345e+00 4.385578e-04 2.993176e-02 5.179369e-02 7.563680e-02 -4.235235e-02
4.000000e+00 2.010000e+02 2.020000e+02 1.550940e+00 -1.826906e-03 2.532205e-02 8.103146e-02 2.432228e-02 -1.993895e-02
4.000000e+00 2.020000e+02 2.030000e+02 1.544922e+00 -2.004529e-06 2.933882e-02 3.848115e-02 -1.349392e-01 -4.922325e-03
4.000000e+00 2.030000e+02 2.040000e+02 1.554580e+00 6.886504e-04 2.831441e-02 5.393193e-02 -1.471821e-01 1.885797e-02
4.000000e+00 2.040000e+02 2.050000e+02 1.554005e+00 1.607925e-03 2.534320e-02 -1.789671e-02 -1.762297e-02 4.829960e-02
4.000000e+00 2.050000e+02 2.060000e+02 1.557052e+00 7.654315e-04 2.160122e-02 9.228321e-02 3.848760e-02 4.024176e-02
4.000000e+00 2.060000e+02 2.070000e+02 1.559125e+00 4.794796e-04 2.127054e-02 -5.194613e-03 -3.541778e-02 5.792078e-02
4.000000e+00 2.070000e+02 2.080000e+02 1.562681e+00 1.039001e-03 2.369717e-02 -1.514580e-02 -1.567647e-02 3.213857e-02
4.000000e+00 2.080000e+02 2.090000e+02 1.569447e+00 2.471690e-03 2.534799e-02 -2.117142e-03 2.885562e-02 4.084038e-02
4.000000e+00 2.090000e+02 2.100000e+02 1.571926e+00 1.655742e-03 2.699824e-02 2.578712e-02 1.733470e-02 4.865617e-02
4.000000e+00 2.100000e+02 2.110000e+02 1.578189e+00 -3.524477e-03 1.760358e-02 3.728797e-02 4.422168e-02 5.934167e-02
4.000000e+00 2.110000e+02 2.120000e+02 1.586833e+00 -1.130951e-03 2.092761e-02 -9.074741e-02 8.957713e-02 3.308028e-02
4.000000e+00 2.120000e+02 2.130000e+02 1.584625e+00 -6.060190e-04 2.304255e-02 -3.054077e-02 3.313098e-02 -3.579148e-02
4.000000e+00 2.130000e+02 2.140000e+02 1.592055e+00 -7.552626e-04 2.713765e-02 -3.323306e-02 -2.989239e-02 -5.566322e-02
4.000000e+00 2.140000e+02 2.150000e+02 1.596662e+00 -3.722325e-03 2.117585e-02 7.359103e-02 -2.566160e-02 -2.252479e-02
4.000000e+00 2.150000e+02 2.160000e+02 1.599279e+00 -4.803015e-03 2.505281e-02 9.865759e-02 -4.995159e-02 -1.106262e-02
4.000000e+00 2.160000e+02 2.170000e+02 1.603104e+00 -1.425901e-03 2.303475e-02 9.476181e-02 -1.108066e-01 -1.857573e-02
4.000000e+00 2.170000e+02 2.180000e+02 1.607572e+00 4.954310e-03 3.001369e-02 1.515350e-02 -5.649225e-02 -5.463046e-04
4.000000e+00 2.180000e+02 2.190000e+02 1.614456e+00 5.615081e-03 2.515020e-02 -2.996934e-02 -5.271810e-02 1.214897e-01
4.000000e+00 2.190000e+02 2.200000e+02 1.611794e+00 8.763746e-03 2.693652e-02 -5.228652e-02 2.321805e-02 1.234672e-01
4.000000e+00 2.200000e+02 2.210000e+02 1.624300e+00 1.252756e-02 2.794398e-02 -9.956594e-02 1.807061e-01 2.497596e-02
4.000000e+00 2.210000e+02 2.220000e+02 1.627595e+00 3.403712e-03 2.746833e-02 7.008525e-02 1.883193e-01 -2.804803e-02
4.000000e+00 2.220000e+02 2.230000e+02 1.629025e+00 3.379191e-03 3.506511e-02 5.999630e-02 4.837058e-02 -1.199824e-02
4.000000e+00 2.230000e+02 2.240000e+02 1.628419e+00 2.602742e-04 2.990678e-02 8.186748e-02 -7.518752e-02 -1.694422e-02
4.000000e+00 2.240000e+02 2.250000e+02 1.629969e+00 1.802470e-03 3.075767e-02 4.398908e-02 2.123012e-03 -1.975028e-02
4.000000e+00 2.250000e+02 2.260000e+02 1.631789e+00 1.232885e-03 2.900587e-02 -7.226642e-03 2.404847e-02 -1.122191e-02
4.000000e+00 2.260000e+02 2.270000e+02 1.625951e+00 2.569912e-03 3.483055e-02 7.590071e-03 -1.145599e-02 -2.810705e-02
4.000000e+00 2.270000e+02 2.280000e+02 1.628614e+00 3.238446e-03 3.127962e-02 -8.280217e-02 -3.436739e-02 -2.722132e-02
4.000000e+00 2.280000e+02 2.290000e+02 1.629550e+00 3.944859e-03 3.617979e-02 -4.543203e-02 -4.325572e-02 -3.833361e-02
4.000000e+00 2.290000e+02 2.300000e+02 1.626952e+00 -1.831600e-03 2.768616e-02 6.373571e-02 1.031125e-01 -4.827371e-02
4.000000e+00 2.300000e+02 2.310000e+02 1.626853e+00 -2.049596e-03 3.045718e-02 5.115010e-02 6.372188e-02 -7.528466e-03
4.000000e+00 2.310000e+02 2.320000e+02 1.618602e+00 -1.681303e-03 2.488072e-02 7.054323e-02 -8.381722e-02 1.670662e-02
4.000000e+00 2.320000e+02 2.330000e+02 1.620082e+00 2.585798e-03 3.414471e-02 -4.614308e-02 5.976474e-03 -3.948255e-04
4.000000e+00 2.330000e+02 2.340000e+02 1.613143e+00 4.280736e-03 2.988214e-02 -1.368781e-01 -7.760348e-02 6.631801e-03
4.000000e+00 2.340000e+02 2.350000e+02 1.607188e+00 2.938746e-03 3.124176e-02 -6.831493e-02 -2.473552e-01 4.111749e-02
4.000000e+00 2.350000e+02 2.360000e+02 1.611798e+00 2.588375e-03 2.394686e-02 -9.029380e-02 6.448536e-02 5.102129e-02
4.000000e+00 2.360000e+02 2.370000e+02 1.608141e+00 2.128941e-03 2.614526e-02 -3.064220e-02 1.959865e-01 5.134134e-02
4.000000e+00 2.370000e+02 2.380000e+02 1.617886e+00 3.815922e-04 2.273205e-02 -6.745925e-02 1.856893e-01 6.256224e-02
4.000000e+00 2.380000e+02 2.390000e+02 1.606556e+00 -7.218898e-04 2.319650e-02 -2.754638e-02 -7.253866e-02 6.881579e-02
4.000000e+00 2.390000e+02 2.400000e+02 1.599610e+00 -2.093197e-03 1.769122e-02 3.775278e-02 -1.177260e-01 1.030685e-01
4.000000e+00 2.400000e+02 2.410000e+02 1.603118e+00 -3.969797e-03 1.659871e-02 5.805535e-02 8.868583e-02 1.090217e-01
4.000000e+00 2.410000e+02 2.420000e+02 1.599866e+00 -3.649158e-03 2.453712e-02 9.357911e-02 4.898039e-02 5.699762e-02
4.000000e+00 2.420000e+02 2.430000e+02 1.598111e+00 -2.924682e-03 2.389503e-02 1.590003e-02 -5.491796e-02 2.437678e-02
4.000000e+00 2.430000e+02 2.440000e+02 1.594696e+00 2.985904e-03 2.916185e-02 3.787712e-02 -5.177354e-02 1.189564e-02
4.000000e+00 2.440000e+02 2.450000e+02 1.598777e+00 1.886349e-03 2.499630e-02 3.753089e-03 3.261629e-03 1.170390e-03
4.000000e+00 2.450000e+02 2.460000e+02 1.591693e+00 3.992921e-03 2.995339e-02 2.827422e-02 -1.008739e-02 -1.998284e-03
4.000000e+00 2.460000e+02 2.470000e+02 1.593063e+00 2.362513e-03 3.080237e-02 3.707124e-02 -3.460343e-02 1.374029e-03
4.000000e+00 2.470000e+02 2.480000e+02 1.591183e+00 3.314196e-03 3.005335e-02 1.049947e-02 -3.795199e-02 6.952342e-03
4.000000e+00 2.480000e+02 2.490000e+02 1.590968e+00 3.380809e-03 2.708334e-02 2.847249e-02 2.039199e-02 -4.269223e-03
4.000000e+00 2.490000e+02 2.500000e+02 1.591364e+00 4.979005e-03 2.745864e-02 -2.487543e-02 -5.737734e-02 -4.316808e-03
4.000000e+00 2.500000e+02 2.510000e+02 1.585464e+00 1.689810e-03 2.669576e-02 8.684077e-02 -7.029263e-02 -4.777840e-03
4.000000e+00 2.510000e+02 2.520000e+02 1.598104e+00 1.677678e-03 2.616565e-02 7.788676e-02 8.470535e-02 -7.017669e-03
4.000000e+00 2.520000e+02 2.530000e+02 1.597462e+00 5.340348e-03 2.940064e-02 9.568316e-02 6.578990e-02 6.894511e-03
4.000000e+00 2.530000e+02 2.540000e+02 1.597452e+00 3.588666e-03 2.541168e-02 3.132002e-02 -4.010694e-02 -3.137693e-03
4.000000e+00 2.540000e+02 2.550000e+02 1.605737e+00 1.136433e-02 3.107607e-02 -6.414895e-02 -4.993070e-02 -2.106039e-02
4.000000e+00 2.550000e+02 2.560000e+02 1.589080e+00 1.008987e-02 2.590376e-02 -1.150230e-01 7.224655e-02 -2.677620e-02
4.000000e+00 2.560000e+02 2.570000e+02 1.640422e+00 1.357165e-02 3.428136e-02 -7.660532e-02 1.731096e-02 -2.825162e-02
4.000000e+00 2.570000e+02 2.580000e+02 1.610112e+00 9.078137e-03 2.898332e-02 -2.319898e-02 -1.420659e-02 -2.108894e-02
4.000000e+00 2.580000e+02 2.590000e+02 1.555973e+00 9.107592e-03 2.887977e-02 1.014480e-02 -4.563850e-02 -1.365834e-02
4.000000e+00 2.590000e+02 2.600000e+02 1.606399e+00 5.802891e-03 2.375358e-02 -9.395565e-03 -1.396842e-02 -1.613283e-02
4.000000e+00 2.600000e+02 2.610000e+02 1.605815e+00 3.463254e-03 2.410548e-02 -2.198516e-02 -2.981121e-03 -1.275272e-02
4.000000e+00 2.610000e+02 2.620000e+02 1.614421e+00 4.022131e-03 2.292997e-02 -6.613483e-02 7.013299e-03 -1.740375e-02
4.000000e+00 2.620000e+02 2.630000e+02 1.613384e+00 5.968310e-03 2.599924e-02 -7.406376e-02 4.159949e-02 -1.795144e-02
4.000000e+00 2.630000e+02 2.640000e+02 1.620762e+00 5.256371e-03 2.705822e-02 -6.620985e-02 -3.500730e-02 -1.512480e-02
4.000000e+00 2.640000e+02 2.650000e+02 1.610576e+00 5.236566e-03 2.575871e-02 -4.965558e-02 -3.333450e-02 -1.535000e-02
4.000000e+00 2.650000e+02 2.660000e+02 1.616850e+00 4.810312e-03 2.641213e-02 -4.288182e-02 5.663703e-03 -1.836538e-02
4.000000e+00 2.660000e+02 2.670000e+02 1.618183e+00 3.727006e-03 2.363721e-02 -7.135443e-02 5.286727e-02 -1.364622e-02
4.000000e+00 2.670000e+02 2.680000e+02 1.620432e+00 2.903851e-03 2.302438e-02 -6.456701e-02 4.137782e-02 -2.163377e-02
4.000000e+00 2.680000e+02 2.690000e+02 1.630103e+00 2.402979e-03 2.260886e-02 -3.808160e-02 -3.798005e-02 -2.232865e-02
4.000000e+00 2.690000e+02 2.700000e+02 1.622200e+00 -2.648181e-04 2.554776e-02 -1.360834e-03 8.410786e-03 -1.434932e-02
